2000.000000 1.19390909e+01 0.00000000e+00 
2000.050000 1.14211624e+01 0.00000000e+00 
2000.100000 9.72325948e+00 0.00000000e+00 
2000.150000 4.80856717e+00 0.00000000e+00 
2000.200000 9.75832909e-01 0.00000000e+00 
2000.250000 1.99831085e+00 0.00000000e+00 
2000.300000 6.35430327e-01 0.00000000e+00 
2000.350000 -7.48358988e+00 0.00000000e+00 
2000.400000 -1.13827274e+01 0.00000000e+00 
2000.450000 -5.35935782e+00 0.00000000e+00 
2000.500000 -8.68342571e+00 0.00000000e+00 
2000.550000 -5.54846675e+00 0.00000000e+00 
2000.600000 -4.34058119e+00 0.00000000e+00 
2000.650000 -6.35900227e+00 0.00000000e+00 
2000.700000 -1.81525759e+00 0.00000000e+00 
2000.750000 6.56502211e-01 0.00000000e+00 
2000.800000 5.96851140e+00 0.00000000e+00 
2000.850000 1.09267319e+01 0.00000000e+00 
2000.900000 1.11202127e+01 0.00000000e+00 
2000.950000 8.43464823e+00 0.00000000e+00 
2001.000000 1.58049432e+01 0.00000000e+00 
2001.050000 1.30643037e+01 0.00000000e+00 
2001.100000 1.09371715e+01 0.00000000e+00 
2001.150000 5.65864782e+00 0.00000000e+00 
2001.200000 8.04938108e+00 0.00000000e+00 
2001.250000 4.92883865e+00 0.00000000e+00 
2001.300000 2.25520375e+00 0.00000000e+00 
2001.350000 -3.13367185e+00 0.00000000e+00 
2001.400000 -4.41600620e+00 0.00000000e+00 
2001.450000 -5.97275467e+00 0.00000000e+00 
2001.500000 -8.16940967e-01 0.00000000e+00 
2001.550000 -5.30471438e+00 0.00000000e+00 
2001.600000 -2.39731047e+00 0.00000000e+00 
2001.650000 -1.33161712e+00 0.00000000e+00 
2001.700000 5.29840066e+00 0.00000000e+00 
2001.750000 6.78309299e+00 0.00000000e+00 
2001.800000 1.02836590e+01 0.00000000e+00 
2001.850000 1.50441527e+01 0.00000000e+00 
2001.900000 1.69667729e+01 0.00000000e+00 
2001.950000 1.88460253e+01 0.00000000e+00 
2002.000000 1.37338503e+01 0.00000000e+00 
2002.050000 1.81836579e+01 0.00000000e+00 
2002.100000 1.84876486e+01 0.00000000e+00 
2002.150000 1.52718745e+01 0.00000000e+00 
2002.200000 1.38140931e+01 0.00000000e+00 
2002.250000 1.33857432e+01 0.00000000e+00 
2002.300000 8.76994248e+00 0.00000000e+00 
2002.350000 1.45447331e+00 0.00000000e+00 
2002.400000 3.99908789e-02 0.00000000e+00 
2002.450000 2.43410160e-01 0.00000000e+00 
2002.500000 -1.08518211e+00 0.00000000e+00 
2002.550000 7.28969018e-01 0.00000000e+00 
2002.600000 4.95559726e+00 0.00000000e+00 
2002.650000 3.83545042e+00 0.00000000e+00 
2002.700000 7.29425131e+00 0.00000000e+00 
2002.750000 1.06758434e+01 0.00000000e+00 
2002.800000 1.57382536e+01 0.00000000e+00 
2002.850000 1.94118497e+01 0.00000000e+00 
2002.900000 1.94058855e+01 0.00000000e+00 
2002.950000 2.06381646e+01 0.00000000e+00 
2003.000000 2.37686341e+01 0.00000000e+00 
2003.050000 2.29905941e+01 0.00000000e+00 
2003.100000 2.12241314e+01 0.00000000e+00 
2003.150000 2.46838796e+01 0.00000000e+00 
2003.200000 1.55349473e+01 0.00000000e+00 
2003.250000 1.31631929e+01 0.00000000e+00 
2003.300000 9.31402283e+00 0.00000000e+00 
2003.350000 8.00803544e+00 0.00000000e+00 
2003.400000 3.58569435e+00 0.00000000e+00 
2003.450000 5.29441234e+00 0.00000000e+00 
2003.500000 6.50222513e+00 0.00000000e+00 
2003.550000 3.54912706e+00 0.00000000e+00 
2003.600000 4.69792728e+00 0.00000000e+00 
2003.650000 5.94603858e+00 0.00000000e+00 
2003.700000 8.92994665e+00 0.00000000e+00 
2003.750000 9.56694250e+00 0.00000000e+00 
2003.800000 1.59537426e+01 0.00000000e+00 
2003.850000 1.70733969e+01 0.00000000e+00 
2003.900000 2.35376023e+01 0.00000000e+00 
2003.950000 2.27255047e+01 0.00000000e+00 
2004.000000 2.29709259e+01 0.00000000e+00 
2004.050000 2.51167537e+01 0.00000000e+00 
2004.100000 1.72862356e+01 0.00000000e+00 
2004.150000 1.92131085e+01 0.00000000e+00 
2004.200000 1.35692706e+01 0.00000000e+00 
2004.250000 1.12175800e+01 0.00000000e+00 
2004.300000 9.83099147e+00 0.00000000e+00 
2004.350000 8.20043752e+00 0.00000000e+00 
2004.400000 2.41289375e+00 0.00000000e+00 
2004.450000 3.64437261e+00 0.00000000e+00 
2004.500000 4.82887329e+00 0.00000000e+00 
2004.550000 5.45988655e-01 0.00000000e+00 
2004.600000 1.53840077e+00 0.00000000e+00 
2004.650000 5.54929511e+00 0.00000000e+00 
2004.700000 9.44377401e+00 0.00000000e+00 
2004.750000 1.11047693e+01 0.00000000e+00 
2004.800000 1.23732488e+01 0.00000000e+00 
2004.850000 1.68304091e+01 0.00000000e+00 
2004.900000 1.90259334e+01 0.00000000e+00 
2004.950000 1.89355491e+01 0.00000000e+00 
2005.000000 1.78590205e+01 0.00000000e+00 
2005.050000 2.02608913e+01 0.00000000e+00 
2005.100000 1.77776049e+01 0.00000000e+00 
2005.150000 1.45731548e+01 0.00000000e+00 
2005.200000 1.10116960e+01 0.00000000e+00 
2005.250000 7.94114470e+00 0.00000000e+00 
2005.300000 3.87046364e+00 0.00000000e+00 
2005.350000 4.86014157e-01 0.00000000e+00 
2005.400000 2.62997323e+00 0.00000000e+00 
2005.450000 -2.06238304e+00 0.00000000e+00 
2005.500000 -5.78815147e+00 0.00000000e+00 
2005.550000 -3.08091164e+00 0.00000000e+00 
2005.600000 1.17079126e+00 0.00000000e+00 
2005.650000 -8.16464196e-02 0.00000000e+00 
2005.700000 7.06804355e+00 0.00000000e+00 
2005.750000 4.77467262e+00 0.00000000e+00 
2005.800000 7.64770811e+00 0.00000000e+00 
2005.850000 9.60489707e+00 0.00000000e+00 
2005.900000 1.59415081e+01 0.00000000e+00 
2005.950000 1.36053525e+01 0.00000000e+00 
2006.000000 1.58224032e+01 0.00000000e+00 
2006.050000 1.09368491e+01 0.00000000e+00 
2006.100000 1.14045040e+01 0.00000000e+00 
2006.150000 1.13960495e+01 0.00000000e+00 
2006.200000 4.47252792e+00 0.00000000e+00 
2006.250000 3.79070266e+00 0.00000000e+00 
2006.300000 1.44873436e+00 0.00000000e+00 
2006.350000 8.77619211e-01 0.00000000e+00 
2006.400000 -3.84761643e+00 0.00000000e+00 
2006.450000 -4.88917357e+00 0.00000000e+00 
2006.500000 -8.20663262e+00 0.00000000e+00 
2006.550000 -8.38566309e+00 0.00000000e+00 
2006.600000 -5.90678472e+00 0.00000000e+00 
2006.650000 -5.79844107e+00 0.00000000e+00 
2006.700000 8.23845617e-01 0.00000000e+00 
2006.750000 3.03396881e+00 0.00000000e+00 
2006.800000 6.31903056e+00 0.00000000e+00 
2006.850000 9.53440680e+00 0.00000000e+00 
2006.900000 8.85043976e+00 0.00000000e+00 
2006.950000 9.18391930e+00 0.00000000e+00 
2007.000000 1.17413683e+01 0.00000000e+00 
2007.050000 1.23783142e+01 0.00000000e+00 
2007.100000 1.02561885e+01 0.00000000e+00 
2007.150000 8.11580355e+00 0.00000000e+00 
2007.200000 6.35926567e+00 0.00000000e+00 
2007.250000 7.70426116e-01 0.00000000e+00 
2007.300000 -5.66062182e-01 0.00000000e+00 
2007.350000 -5.83586121e+00 0.00000000e+00 
2007.400000 -6.48176749e+00 0.00000000e+00 
2007.450000 -1.23103280e+01 0.00000000e+00 
2007.500000 -6.91578790e+00 0.00000000e+00 
2007.550000 -1.30528784e+01 0.00000000e+00 
2007.600000 -7.64866581e+00 0.00000000e+00 
2007.650000 -6.50192660e+00 0.00000000e+00 
2007.700000 -5.28591350e+00 0.00000000e+00 
2007.750000 8.63714559e-01 0.00000000e+00 
2007.800000 4.03274623e+00 0.00000000e+00 
2007.850000 9.08078641e+00 0.00000000e+00 
2007.900000 8.86342353e+00 0.00000000e+00 
2007.950000 1.13011225e+01 0.00000000e+00 
2008.000000 1.12741661e+01 0.00000000e+00 
2008.050000 1.34036390e+01 0.00000000e+00 
2008.100000 1.14959212e+01 0.00000000e+00 
2008.150000 7.24798298e+00 0.00000000e+00 
2008.200000 4.90919096e+00 0.00000000e+00 
2008.250000 5.36815397e+00 0.00000000e+00 
2008.300000 -1.50343604e+00 0.00000000e+00 
2008.350000 -1.82233363e+00 0.00000000e+00 
2008.400000 -7.21602145e+00 0.00000000e+00 
2008.450000 -8.09482696e+00 0.00000000e+00 
2008.500000 -5.00862520e+00 0.00000000e+00 
2008.550000 -4.60462109e+00 0.00000000e+00 
2008.600000 -2.00386450e+00 0.00000000e+00 
2008.650000 -2.79616791e+00 0.00000000e+00 
2008.700000 3.68885791e+00 0.00000000e+00 
2008.750000 5.49877200e+00 0.00000000e+00 
2008.800000 8.57873799e+00 0.00000000e+00 
2008.850000 1.52847923e+01 0.00000000e+00 
2008.900000 1.74543695e+01 0.00000000e+00 
2008.950000 1.19760816e+01 0.00000000e+00 
2009.000000 1.81740652e+01 0.00000000e+00 
2009.050000 1.57801646e+01 0.00000000e+00 
2009.100000 1.59854375e+01 0.00000000e+00 
2009.150000 1.36429933e+01 0.00000000e+00 
2009.200000 1.59266817e+01 0.00000000e+00 
2009.250000 1.26379170e+01 0.00000000e+00 
2009.300000 8.75831839e+00 0.00000000e+00 
2009.350000 6.86260236e+00 0.00000000e+00 
2009.400000 4.76860269e+00 0.00000000e+00 
2009.450000 4.42138233e+00 0.00000000e+00 
2009.500000 3.70035457e+00 0.00000000e+00 
2009.550000 3.97579781e+00 0.00000000e+00 
2009.600000 7.42556689e+00 0.00000000e+00 
2009.650000 8.67037036e+00 0.00000000e+00 
2009.700000 1.19671539e+01 0.00000000e+00 
2009.750000 1.59944074e+01 0.00000000e+00 
2009.800000 2.01448449e+01 0.00000000e+00 
2009.850000 2.38305665e+01 0.00000000e+00 
2009.900000 3.18042298e+01 0.00000000e+00 
2009.950000 2.64358639e+01 0.00000000e+00 
2010.000000 2.79564988e+01 0.00000000e+00 
2010.050000 3.08371798e+01 0.00000000e+00 
2010.100000 2.95635945e+01 0.00000000e+00 
2010.150000 2.67373609e+01 0.00000000e+00 
2010.200000 2.68134755e+01 0.00000000e+00 
2010.250000 2.53285318e+01 0.00000000e+00 
2010.300000 1.91811802e+01 0.00000000e+00 
2010.350000 1.86437928e+01 0.00000000e+00 
2010.400000 1.54316358e+01 0.00000000e+00 
2010.450000 1.75154034e+01 0.00000000e+00 
2010.500000 1.79478572e+01 0.00000000e+00 
2010.550000 2.02358282e+01 0.00000000e+00 
2010.600000 1.88781478e+01 0.00000000e+00 
2010.650000 2.46160971e+01 0.00000000e+00 
2010.700000 2.72774683e+01 0.00000000e+00 
2010.750000 3.41901021e+01 0.00000000e+00 
2010.800000 3.58577194e+01 0.00000000e+00 
2010.850000 3.77005870e+01 0.00000000e+00 
2010.900000 4.12669123e+01 0.00000000e+00 
2010.950000 4.28039587e+01 0.00000000e+00 
2011.000000 4.79680966e+01 0.00000000e+00 
2011.050000 4.42949024e+01 0.00000000e+00 
2011.100000 4.13910540e+01 0.00000000e+00 
2011.150000 4.26887523e+01 0.00000000e+00 
2011.200000 4.32794866e+01 0.00000000e+00 
2011.250000 3.99071954e+01 0.00000000e+00 
2011.300000 3.64855866e+01 0.00000000e+00 
2011.350000 3.75954909e+01 0.00000000e+00 
2011.400000 3.12791604e+01 0.00000000e+00 
2011.450000 3.21810727e+01 0.00000000e+00 
2011.500000 3.00446255e+01 0.00000000e+00 
2011.550000 3.13018711e+01 0.00000000e+00 
2011.600000 3.41939912e+01 0.00000000e+00 
2011.650000 3.89587451e+01 0.00000000e+00 
2011.700000 4.51112905e+01 0.00000000e+00 
2011.750000 4.62256375e+01 0.00000000e+00 
2011.800000 4.60924162e+01 0.00000000e+00 
2011.850000 5.11101016e+01 0.00000000e+00 
2011.900000 5.31029417e+01 0.00000000e+00 
2011.950000 5.55058174e+01 0.00000000e+00 
2012.000000 5.93809260e+01 0.00000000e+00 
2012.050000 5.77044625e+01 0.00000000e+00 
2012.100000 5.79098895e+01 0.00000000e+00 
2012.150000 5.52971253e+01 0.00000000e+00 
2012.200000 5.00704353e+01 0.00000000e+00 
2012.250000 5.07587693e+01 0.00000000e+00 
2012.300000 4.34142865e+01 0.00000000e+00 
2012.350000 4.52116632e+01 0.00000000e+00 
2012.400000 4.28599704e+01 0.00000000e+00 
2012.450000 4.26779566e+01 0.00000000e+00 
2012.500000 3.73605164e+01 0.00000000e+00 
2012.550000 4.04697280e+01 0.00000000e+00 
2012.600000 4.24957324e+01 0.00000000e+00 
2012.650000 4.50101243e+01 0.00000000e+00 
2012.700000 4.94614681e+01 0.00000000e+00 
2012.750000 5.22862099e+01 0.00000000e+00 
2012.800000 5.53389838e+01 0.00000000e+00 
2012.850000 5.72135658e+01 0.00000000e+00 
2012.900000 6.24284946e+01 0.00000000e+00 
2012.950000 5.98280061e+01 0.00000000e+00 
2013.000000 6.11248707e+01 0.00000000e+00 
2013.050000 5.92082569e+01 0.00000000e+00 
2013.100000 5.87202353e+01 0.00000000e+00 
2013.150000 5.79577502e+01 0.00000000e+00 
2013.200000 5.11134032e+01 0.00000000e+00 
2013.250000 5.06826347e+01 0.00000000e+00 
2013.300000 4.55375817e+01 0.00000000e+00 
2013.350000 4.55668028e+01 0.00000000e+00 
2013.400000 3.75914868e+01 0.00000000e+00 
2013.450000 3.59095619e+01 0.00000000e+00 
2013.500000 4.22729476e+01 0.00000000e+00 
2013.550000 3.88828110e+01 0.00000000e+00 
2013.600000 3.63083054e+01 0.00000000e+00 
2013.650000 3.87029158e+01 0.00000000e+00 
2013.700000 4.42826239e+01 0.00000000e+00 
2013.750000 4.77309193e+01 0.00000000e+00 
2013.800000 5.04272160e+01 0.00000000e+00 
2013.850000 5.41963059e+01 0.00000000e+00 
2013.900000 5.44401823e+01 0.00000000e+00 
2013.950000 5.45249954e+01 0.00000000e+00 
2014.000000 5.67122793e+01 0.00000000e+00 
2014.050000 5.76790422e+01 0.00000000e+00 
2014.100000 5.16074549e+01 0.00000000e+00 
2014.150000 4.82535802e+01 0.00000000e+00 
2014.200000 4.73971000e+01 0.00000000e+00 
2014.250000 4.05696777e+01 0.00000000e+00 
2014.300000 3.48635363e+01 0.00000000e+00 
2014.350000 3.41470309e+01 0.00000000e+00 
2014.400000 3.19391575e+01 0.00000000e+00 
2014.450000 2.96044206e+01 0.00000000e+00 
2014.500000 2.58562237e+01 0.00000000e+00 
2014.550000 2.66420929e+01 0.00000000e+00 
2014.600000 2.71374674e+01 0.00000000e+00 
2014.650000 3.18456677e+01 0.00000000e+00 
2014.700000 3.16759778e+01 0.00000000e+00 
2014.750000 3.55292685e+01 0.00000000e+00 
2014.800000 3.77095971e+01 0.00000000e+00 
2014.850000 3.80972791e+01 0.00000000e+00 
2014.900000 3.59060086e+01 0.00000000e+00 
2014.950000 4.11787645e+01 0.00000000e+00 
2015.000000 4.15078992e+01 0.00000000e+00 
2015.050000 3.72567663e+01 0.00000000e+00 
2015.100000 3.64537823e+01 0.00000000e+00 
2015.150000 3.25336314e+01 0.00000000e+00 
2015.200000 3.31701759e+01 0.00000000e+00 
2015.250000 2.57519669e+01 0.00000000e+00 
2015.300000 2.22650592e+01 0.00000000e+00 
2015.350000 1.61077152e+01 0.00000000e+00 
2015.400000 1.36545718e+01 0.00000000e+00 
2015.450000 1.01275854e+01 0.00000000e+00 
2015.500000 1.29467426e+01 0.00000000e+00 
2015.550000 1.23351854e+01 0.00000000e+00 
2015.600000 1.00309608e+01 0.00000000e+00 
2015.650000 1.88269923e+01 0.00000000e+00 
2015.700000 1.68360532e+01 0.00000000e+00 
2015.750000 1.80654783e+01 0.00000000e+00 
2015.800000 2.33509463e+01 0.00000000e+00 
2015.850000 1.65789603e+01 0.00000000e+00 
2015.900000 2.27151684e+01 0.00000000e+00 
2015.950000 2.34745370e+01 0.00000000e+00 
2016.000000 2.36319655e+01 0.00000000e+00 
2016.050000 1.98983287e+01 0.00000000e+00 
2016.100000 2.08601087e+01 0.00000000e+00 
2016.150000 1.24171105e+01 0.00000000e+00 
2016.200000 1.35572218e+01 0.00000000e+00 
2016.250000 1.04261378e+01 0.00000000e+00 
2016.300000 5.69056912e+00 0.00000000e+00 
2016.350000 3.04712275e+00 0.00000000e+00 
2016.400000 -2.06745087e+00 0.00000000e+00 
2016.450000 -1.48663247e+00 0.00000000e+00 
2016.500000 -4.42773775e+00 0.00000000e+00 
2016.550000 -7.08795812e+00 0.00000000e+00 
2016.600000 -3.52674706e+00 0.00000000e+00 
2016.650000 -2.46652229e+00 0.00000000e+00 
2016.700000 -9.95626097e-01 0.00000000e+00 
2016.750000 4.67217781e+00 0.00000000e+00 
2016.800000 6.37844450e+00 0.00000000e+00 
2016.850000 8.14828571e+00 0.00000000e+00 
2016.900000 9.37527524e+00 0.00000000e+00 
2016.950000 1.48738069e+01 0.00000000e+00 
2017.000000 1.40149785e+01 0.00000000e+00 
2017.050000 1.04903985e+01 0.00000000e+00 
2017.100000 9.34091280e+00 0.00000000e+00 
2017.150000 9.73143611e+00 0.00000000e+00 
2017.200000 7.28780123e+00 0.00000000e+00 
2017.250000 2.63122450e+00 0.00000000e+00 
2017.300000 -3.46824499e+00 0.00000000e+00 
2017.350000 -6.88903873e+00 0.00000000e+00 
2017.400000 -6.51812829e+00 0.00000000e+00 
2017.450000 -1.12207634e+01 0.00000000e+00 
2017.500000 -1.21417512e+01 0.00000000e+00 
2017.550000 -1.02036697e+01 0.00000000e+00 
2017.600000 -6.10875431e+00 0.00000000e+00 
2017.650000 -5.40218277e+00 0.00000000e+00 
2017.700000 -2.32035823e+00 0.00000000e+00 
2017.750000 2.68779443e+00 0.00000000e+00 
2017.800000 4.19177093e+00 0.00000000e+00 
2017.850000 4.46290749e+00 0.00000000e+00 
2017.900000 1.09022217e+01 0.00000000e+00 
2017.950000 1.18926762e+01 0.00000000e+00 
2018.000000 1.15900804e+01 0.00000000e+00 
2018.050000 1.08246101e+01 0.00000000e+00 
2018.100000 9.55011689e+00 0.00000000e+00 
2018.150000 8.82357078e+00 0.00000000e+00 
2018.200000 4.96295521e+00 0.00000000e+00 
2018.250000 2.96478048e+00 0.00000000e+00 
2018.300000 -1.52397585e+00 0.00000000e+00 
2018.350000 -1.79044290e+00 0.00000000e+00 
2018.400000 -3.73232850e+00 0.00000000e+00 
2018.450000 -1.95724286e+00 0.00000000e+00 
2018.500000 -4.59656687e-03 0.00000000e+00 
2018.550000 3.66638076e-01 0.00000000e+00 
2018.600000 2.56333307e+00 0.00000000e+00 
2018.650000 4.82041456e+00 0.00000000e+00 
2018.700000 8.16669575e+00 0.00000000e+00 
2018.750000 1.25127624e+01 0.00000000e+00 
2018.800000 1.35230661e+01 0.00000000e+00 
2018.850000 2.03466689e+01 0.00000000e+00 
2018.900000 1.94346998e+01 0.00000000e+00 
2018.950000 2.54576441e+01 0.00000000e+00 
2019.000000 2.40405566e+01 0.00000000e+00 
2019.050000 2.42979905e+01 0.00000000e+00 
2019.100000 2.49609821e+01 0.00000000e+00 
2019.150000 2.21252471e+01 0.00000000e+00 
2019.200000 2.30746031e+01 0.00000000e+00 
2019.250000 2.32972851e+01 0.00000000e+00 
2019.300000 1.86334237e+01 0.00000000e+00 
2019.350000 1.85042126e+01 0.00000000e+00 
2019.400000 1.68138599e+01 0.00000000e+00 
2019.450000 1.87022979e+01 0.00000000e+00 
2019.500000 1.67008044e+01 0.00000000e+00 
2019.550000 1.93389256e+01 0.00000000e+00 
2019.600000 2.63717463e+01 0.00000000e+00 
2019.650000 2.72197713e+01 0.00000000e+00 
2019.700000 2.71405819e+01 0.00000000e+00 
2019.750000 3.56447793e+01 0.00000000e+00 
2019.800000 3.59659871e+01 0.00000000e+00 
2019.850000 4.19521556e+01 0.00000000e+00 
2019.900000 4.60635619e+01 0.00000000e+00 
2019.950000 4.99941409e+01 0.00000000e+00 
2020.000000 4.93054764e+01 0.00000000e+00 
2020.050000 5.20489932e+01 0.00000000e+00 
2020.100000 5.44601013e+01 0.00000000e+00 
2020.150000 4.62688584e+01 0.00000000e+00 
2020.200000 4.65126697e+01 0.00000000e+00 
2020.250000 4.93411211e+01 0.00000000e+00 
2020.300000 4.46483526e+01 0.00000000e+00 
2020.350000 4.37460361e+01 0.00000000e+00 
2020.400000 4.48291156e+01 0.00000000e+00 
2020.450000 4.73741925e+01 0.00000000e+00 
2020.500000 4.11968077e+01 0.00000000e+00 
2020.550000 4.38274555e+01 0.00000000e+00 
2020.600000 4.82583737e+01 0.00000000e+00 
2020.650000 5.19650910e+01 0.00000000e+00 
2020.700000 5.62933815e+01 0.00000000e+00 
2020.750000 5.98610757e+01 0.00000000e+00 
2020.800000 6.73185915e+01 0.00000000e+00 
2020.850000 6.71366609e+01 0.00000000e+00 
2020.900000 7.28492659e+01 0.00000000e+00 
2020.950000 7.70975619e+01 0.00000000e+00 
2021.000000 7.75961583e+01 0.00000000e+00 
2021.050000 7.63309904e+01 0.00000000e+00 
2021.100000 7.75943147e+01 0.00000000e+00 
2021.150000 7.56826835e+01 0.00000000e+00 
2021.200000 7.34840542e+01 0.00000000e+00 
2021.250000 7.54290567e+01 0.00000000e+00 
2021.300000 7.03414551e+01 0.00000000e+00 
2021.350000 6.78708973e+01 0.00000000e+00 
2021.400000 6.63529092e+01 0.00000000e+00 
2021.450000 6.77084982e+01 0.00000000e+00 
2021.500000 6.49769497e+01 0.00000000e+00 
2021.550000 6.61269979e+01 0.00000000e+00 
2021.600000 7.21550242e+01 0.00000000e+00 
2021.650000 7.22988123e+01 0.00000000e+00 
2021.700000 7.77294727e+01 0.00000000e+00 
2021.750000 8.39986905e+01 0.00000000e+00 
2021.800000 8.81754121e+01 0.00000000e+00 
2021.850000 9.29645768e+01 0.00000000e+00 
2021.900000 9.07882331e+01 0.00000000e+00 
2021.950000 9.66227318e+01 0.00000000e+00 
2022.000000 9.66921654e+01 0.00000000e+00 
2022.050000 9.86604236e+01 0.00000000e+00 
2022.100000 9.57387211e+01 0.00000000e+00 
2022.150000 9.52389501e+01 0.00000000e+00 
2022.200000 9.35807970e+01 0.00000000e+00 
2022.250000 8.78274781e+01 0.00000000e+00 
2022.300000 8.50352270e+01 0.00000000e+00 
2022.350000 8.08652263e+01 0.00000000e+00 
2022.400000 8.14462298e+01 0.00000000e+00 
2022.450000 8.11781220e+01 0.00000000e+00 
2022.500000 7.87137225e+01 0.00000000e+00 
2022.550000 8.10111927e+01 0.00000000e+00 
2022.600000 8.17076341e+01 0.00000000e+00 
2022.650000 8.38572771e+01 0.00000000e+00 
2022.700000 8.91097053e+01 0.00000000e+00 
2022.750000 9.22712375e+01 0.00000000e+00 
2022.800000 9.59773054e+01 0.00000000e+00 
2022.850000 9.42049203e+01 0.00000000e+00 
2022.900000 9.81758925e+01 0.00000000e+00 
2022.950000 1.00994258e+02 0.00000000e+00 
2023.000000 9.73567833e+01 0.00000000e+00 
2023.050000 1.03032737e+02 0.00000000e+00 
2023.100000 9.79053247e+01 0.00000000e+00 
2023.150000 9.37716225e+01 0.00000000e+00 
2023.200000 9.37302529e+01 0.00000000e+00 
2023.250000 8.88751771e+01 0.00000000e+00 
2023.300000 8.47518627e+01 0.00000000e+00 
2023.350000 7.98444978e+01 0.00000000e+00 
2023.400000 7.48780250e+01 0.00000000e+00 
2023.450000 7.44350864e+01 0.00000000e+00 
2023.500000 7.39134352e+01 0.00000000e+00 
2023.550000 7.58898070e+01 0.00000000e+00 
2023.600000 7.68841029e+01 0.00000000e+00 
2023.650000 7.55068109e+01 0.00000000e+00 
2023.700000 8.06921922e+01 0.00000000e+00 
2023.750000 8.25931168e+01 0.00000000e+00 
2023.800000 8.31920651e+01 0.00000000e+00 
2023.850000 8.33861019e+01 0.00000000e+00 
2023.900000 8.83068590e+01 0.00000000e+00 
2023.950000 8.66706606e+01 0.00000000e+00 
2024.000000 8.43455004e+01 0.00000000e+00 
2024.050000 8.53075580e+01 0.00000000e+00 
2024.100000 8.33177748e+01 0.00000000e+00 
2024.150000 7.59921978e+01 0.00000000e+00 
2024.200000 7.86880343e+01 0.00000000e+00 
2024.250000 6.63658342e+01 0.00000000e+00 
2024.300000 6.30748082e+01 0.00000000e+00 
2024.350000 6.47510028e+01 0.00000000e+00 
2024.400000 5.94614687e+01 0.00000000e+00 
2024.450000 5.52297668e+01 0.00000000e+00 
2024.500000 5.42959266e+01 0.00000000e+00 
2024.550000 5.48784342e+01 0.00000000e+00 
2024.600000 5.17341960e+01 0.00000000e+00 
2024.650000 5.61547428e+01 0.00000000e+00 
2024.700000 5.70798387e+01 0.00000000e+00 
2024.750000 5.72688488e+01 0.00000000e+00 
2024.800000 5.94016539e+01 0.00000000e+00 
2024.850000 5.91069206e+01 0.00000000e+00 
2024.900000 5.94101905e+01 0.00000000e+00 
2024.950000 6.03036776e+01 0.00000000e+00 
2025.000000 6.21570169e+01 0.00000000e+00 
2025.050000 5.76543044e+01 0.00000000e+00 
2025.100000 5.43285613e+01 0.00000000e+00 
2025.150000 4.95762591e+01 0.00000000e+00 
2025.200000 4.49939471e+01 0.00000000e+00 
2025.250000 4.27286579e+01 0.00000000e+00 
2025.300000 4.01900764e+01 0.00000000e+00 
2025.350000 3.63034390e+01 0.00000000e+00 
2025.400000 3.12718736e+01 0.00000000e+00 
2025.450000 2.66428111e+01 0.00000000e+00 
2025.500000 2.45740234e+01 0.00000000e+00 
2025.550000 2.50773200e+01 0.00000000e+00 
2025.600000 2.61999179e+01 0.00000000e+00 
2025.650000 2.70572333e+01 0.00000000e+00 
2025.700000 2.22443486e+01 0.00000000e+00 
2025.750000 2.80811607e+01 0.00000000e+00 
2025.800000 2.79499432e+01 0.00000000e+00 
2025.850000 3.03670091e+01 0.00000000e+00 
2025.900000 3.56512142e+01 0.00000000e+00 
2025.950000 3.07271692e+01 0.00000000e+00 
2026.000000 2.81087935e+01 0.00000000e+00 
2026.050000 3.00708712e+01 0.00000000e+00 
2026.100000 2.68039402e+01 0.00000000e+00 
2026.150000 2.27940011e+01 0.00000000e+00 
2026.200000 2.14103634e+01 0.00000000e+00 
2026.250000 1.65384395e+01 0.00000000e+00 
2026.300000 1.19450174e+01 0.00000000e+00 
2026.350000 6.76237535e+00 0.00000000e+00 
2026.400000 4.74987657e+00 0.00000000e+00 
2026.450000 1.02860487e+00 0.00000000e+00 
2026.500000 5.13353723e-01 0.00000000e+00 
2026.550000 8.41947186e-01 0.00000000e+00 
2026.600000 8.86466161e-01 0.00000000e+00 
2026.650000 2.12869035e-01 0.00000000e+00 
2026.700000 2.45339530e+00 0.00000000e+00 
2026.750000 3.76173480e+00 0.00000000e+00 
2026.800000 1.01955259e+01 0.00000000e+00 
2026.850000 1.02505458e+01 0.00000000e+00 
2026.900000 1.05612190e+01 0.00000000e+00 
2026.950000 1.40584949e+01 0.00000000e+00 
2027.000000 1.16261742e+01 0.00000000e+00 
2027.050000 1.25546567e+01 0.00000000e+00 
2027.100000 1.28293735e+01 0.00000000e+00 
2027.150000 9.06349323e+00 0.00000000e+00 
2027.200000 3.73518942e+00 0.00000000e+00 
2027.250000 4.44540363e-01 0.00000000e+00 
2027.300000 1.21540823e+00 0.00000000e+00 
2027.350000 -5.97624580e+00 0.00000000e+00 
2027.400000 -7.37950026e+00 0.00000000e+00 
2027.450000 -8.83144861e+00 0.00000000e+00 
2027.500000 -8.15032667e+00 0.00000000e+00 
2027.550000 -9.05274484e+00 0.00000000e+00 
2027.600000 -7.24854941e+00 0.00000000e+00 
2027.650000 -4.98768355e+00 0.00000000e+00 
2027.700000 2.72547113e+00 0.00000000e+00 
2027.750000 2.43666600e+00 0.00000000e+00 
2027.800000 2.32379005e+00 0.00000000e+00 
2027.850000 4.78680322e+00 0.00000000e+00 
2027.900000 6.61669182e+00 0.00000000e+00 
2027.950000 1.54142797e+01 0.00000000e+00 
2028.000000 1.11078779e+01 0.00000000e+00 
2028.050000 1.48173371e+01 0.00000000e+00 
2028.100000 1.31113894e+01 0.00000000e+00 
2028.150000 7.46303740e+00 0.00000000e+00 
2028.200000 1.25131598e+01 0.00000000e+00 
2028.250000 7.27362263e+00 0.00000000e+00 
2028.300000 7.56352611e+00 0.00000000e+00 
2028.350000 2.71728932e+00 0.00000000e+00 
2028.400000 1.12669407e+00 0.00000000e+00 
2028.450000 -1.69279441e+00 0.00000000e+00 
2028.500000 9.80328551e-01 0.00000000e+00 
2028.550000 2.76681473e+00 0.00000000e+00 
2028.600000 2.01731672e+00 0.00000000e+00 
2028.650000 8.42793517e+00 0.00000000e+00 
2028.700000 1.28206273e+01 0.00000000e+00 
2028.750000 1.54283480e+01 0.00000000e+00 
2028.800000 2.21130086e+01 0.00000000e+00 
2028.850000 2.30287645e+01 0.00000000e+00 
2028.900000 2.79358316e+01 0.00000000e+00 
2028.950000 3.21727404e+01 0.00000000e+00 
2029.000000 3.27394847e+01 0.00000000e+00 
2029.050000 3.58409018e+01 0.00000000e+00 
2029.100000 3.44258499e+01 0.00000000e+00 
2029.150000 3.28016035e+01 0.00000000e+00 
2029.200000 3.52707678e+01 0.00000000e+00 
2029.250000 3.31962408e+01 0.00000000e+00 
2029.300000 3.17593070e+01 0.00000000e+00 
2029.350000 3.09400719e+01 0.00000000e+00 
2029.400000 3.11461350e+01 0.00000000e+00 
2029.450000 3.14856390e+01 0.00000000e+00 
2029.500000 3.09044767e+01 0.00000000e+00 
2029.550000 3.22726213e+01 0.00000000e+00 
2029.600000 3.62412072e+01 0.00000000e+00 
2029.650000 4.30401564e+01 0.00000000e+00 
2029.700000 4.28649216e+01 0.00000000e+00 
2029.750000 4.91477180e+01 0.00000000e+00 
2029.800000 5.73943931e+01 0.00000000e+00 
2029.850000 6.17421788e+01 0.00000000e+00 
2029.900000 6.32379454e+01 0.00000000e+00 
2029.950000 6.72122842e+01 0.00000000e+00 
2030.000000 6.97884077e+01 0.00000000e+00 
2030.050000 7.10506967e+01 0.00000000e+00 
2030.100000 6.72899400e+01 0.00000000e+00 
2030.150000 7.11073490e+01 0.00000000e+00 
2030.200000 7.17909513e+01 0.00000000e+00 
2030.250000 7.49830790e+01 0.00000000e+00 
2030.300000 6.60586198e+01 0.00000000e+00 
2030.350000 6.69141734e+01 0.00000000e+00 
2030.400000 6.71840985e+01 0.00000000e+00 
2030.450000 6.66233372e+01 0.00000000e+00 
2030.500000 6.86333921e+01 0.00000000e+00 
2030.550000 6.85717077e+01 0.00000000e+00 
2030.600000 7.55510299e+01 0.00000000e+00 
2030.650000 7.88700090e+01 0.00000000e+00 
2030.700000 8.56652215e+01 0.00000000e+00 
2030.750000 8.96806306e+01 0.00000000e+00 
2030.800000 9.66460060e+01 0.00000000e+00 
2030.850000 1.02378085e+02 0.00000000e+00 
2030.900000 1.03401556e+02 0.00000000e+00 
2030.950000 1.03883653e+02 0.00000000e+00 
2031.000000 1.09089715e+02 0.00000000e+00 
2031.050000 1.12629900e+02 0.00000000e+00 
2031.100000 1.09910738e+02 0.00000000e+00 
2031.150000 1.10318958e+02 0.00000000e+00 
2031.200000 1.06441735e+02 0.00000000e+00 
2031.250000 1.09883257e+02 0.00000000e+00 
2031.300000 1.06123824e+02 0.00000000e+00 
2031.350000 1.03184840e+02 0.00000000e+00 
2031.400000 9.99270648e+01 0.00000000e+00 
2031.450000 1.01893940e+02 0.00000000e+00 
2031.500000 1.02094602e+02 0.00000000e+00 
2031.550000 1.04975812e+02 0.00000000e+00 
2031.600000 1.09349404e+02 0.00000000e+00 
2031.650000 1.13751897e+02 0.00000000e+00 
2031.700000 1.16366569e+02 0.00000000e+00 
2031.750000 1.20435443e+02 0.00000000e+00 
2031.800000 1.25176887e+02 0.00000000e+00 
2031.850000 1.33537002e+02 0.00000000e+00 
2031.900000 1.32068315e+02 0.00000000e+00 
2031.950000 1.34008476e+02 0.00000000e+00 
2032.000000 1.38218393e+02 0.00000000e+00 
2032.050000 1.35540515e+02 0.00000000e+00 
2032.100000 1.33324100e+02 0.00000000e+00 
2032.150000 1.34990679e+02 0.00000000e+00 
2032.200000 1.30231917e+02 0.00000000e+00 
2032.250000 1.28808870e+02 0.00000000e+00 
2032.300000 1.27552152e+02 0.00000000e+00 
2032.350000 1.25050459e+02 0.00000000e+00 
2032.400000 1.18375097e+02 0.00000000e+00 
2032.450000 1.15733258e+02 0.00000000e+00 
2032.500000 1.18796600e+02 0.00000000e+00 
2032.550000 1.24161069e+02 0.00000000e+00 
2032.600000 1.22851121e+02 0.00000000e+00 
2032.650000 1.24328394e+02 0.00000000e+00 
2032.700000 1.27081566e+02 0.00000000e+00 
2032.750000 1.32468685e+02 0.00000000e+00 
2032.800000 1.33987410e+02 0.00000000e+00 
2032.850000 1.36844789e+02 0.00000000e+00 
2032.900000 1.33638797e+02 0.00000000e+00 
2032.950000 1.38541879e+02 0.00000000e+00 
2033.000000 1.39003212e+02 0.00000000e+00 
2033.050000 1.36276817e+02 0.00000000e+00 
2033.100000 1.35988452e+02 0.00000000e+00 
2033.150000 1.32012125e+02 0.00000000e+00 
2033.200000 1.31500973e+02 0.00000000e+00 
2033.250000 1.24799410e+02 0.00000000e+00 
2033.300000 1.24668845e+02 0.00000000e+00 
2033.350000 1.18334426e+02 0.00000000e+00 
2033.400000 1.17086430e+02 0.00000000e+00 
2033.450000 1.17473545e+02 0.00000000e+00 
2033.500000 1.11518695e+02 0.00000000e+00 
2033.550000 1.13777031e+02 0.00000000e+00 
2033.600000 1.08920443e+02 0.00000000e+00 
2033.650000 1.15726323e+02 0.00000000e+00 
2033.700000 1.11198354e+02 0.00000000e+00 
2033.750000 1.15269635e+02 0.00000000e+00 
2033.800000 1.16480336e+02 0.00000000e+00 
2033.850000 1.16216496e+02 0.00000000e+00 
2033.900000 1.16655175e+02 0.00000000e+00 
2033.950000 1.20481011e+02 0.00000000e+00 
2034.000000 1.15349769e+02 0.00000000e+00 
2034.050000 1.13363286e+02 0.00000000e+00 
2034.100000 1.15244884e+02 0.00000000e+00 
2034.150000 1.09099678e+02 0.00000000e+00 
2034.200000 1.05349664e+02 0.00000000e+00 
2034.250000 9.79410850e+01 0.00000000e+00 
2034.300000 9.44672787e+01 0.00000000e+00 
2034.350000 9.08598054e+01 0.00000000e+00 
2034.400000 8.65085251e+01 0.00000000e+00 
2034.450000 8.64385089e+01 0.00000000e+00 
2034.500000 7.92049094e+01 0.00000000e+00 
2034.550000 7.86956975e+01 0.00000000e+00 
2034.600000 8.01084693e+01 0.00000000e+00 
2034.650000 8.05574706e+01 0.00000000e+00 
2034.700000 7.54853563e+01 0.00000000e+00 
2034.750000 7.97040815e+01 0.00000000e+00 
2034.800000 8.01724739e+01 0.00000000e+00 
2034.850000 8.22145708e+01 0.00000000e+00 
2034.900000 8.34095768e+01 0.00000000e+00 
2034.950000 8.25989776e+01 0.00000000e+00 
2035.000000 8.23817966e+01 0.00000000e+00 
2035.050000 7.84008919e+01 0.00000000e+00 
2035.100000 7.46068769e+01 0.00000000e+00 
2035.150000 7.15438103e+01 0.00000000e+00 
2035.200000 6.56115032e+01 0.00000000e+00 
2035.250000 5.69065129e+01 0.00000000e+00 
2035.300000 5.45816142e+01 0.00000000e+00 
2035.350000 4.61681623e+01 0.00000000e+00 
2035.400000 4.73990614e+01 0.00000000e+00 
2035.450000 3.74653428e+01 0.00000000e+00 
2035.500000 3.80292178e+01 0.00000000e+00 
2035.550000 3.77598164e+01 0.00000000e+00 
2035.600000 3.68861099e+01 0.00000000e+00 
2035.650000 4.09316428e+01 0.00000000e+00 
2035.700000 3.80775321e+01 0.00000000e+00 
2035.750000 3.78664999e+01 0.00000000e+00 
2035.800000 4.14224647e+01 0.00000000e+00 
2035.850000 3.87152611e+01 0.00000000e+00 
2035.900000 4.25548845e+01 0.00000000e+00 
2035.950000 4.15424227e+01 0.00000000e+00 
2036.000000 3.89351884e+01 0.00000000e+00 
2036.050000 3.62145920e+01 0.00000000e+00 
2036.100000 3.19234621e+01 0.00000000e+00 
2036.150000 2.66419402e+01 0.00000000e+00 
2036.200000 2.51124879e+01 0.00000000e+00 
2036.250000 2.28185316e+01 0.00000000e+00 
2036.300000 1.51859588e+01 0.00000000e+00 
2036.350000 1.54833409e+01 0.00000000e+00 
2036.400000 6.86279201e+00 0.00000000e+00 
2036.450000 1.00897780e+01 0.00000000e+00 
2036.500000 2.57650147e+00 0.00000000e+00 
2036.550000 3.34573150e+00 0.00000000e+00 
2036.600000 6.19054998e+00 0.00000000e+00 
2036.650000 6.81048503e+00 0.00000000e+00 
2036.700000 4.48600000e+00 0.00000000e+00 
2036.750000 9.49907611e+00 0.00000000e+00 
2036.800000 7.87569371e+00 0.00000000e+00 
2036.850000 8.53582298e+00 0.00000000e+00 
2036.900000 1.46020123e+01 0.00000000e+00 
2036.950000 1.04261042e+01 0.00000000e+00 
2037.000000 9.35056512e+00 0.00000000e+00 
2037.050000 1.23366784e+01 0.00000000e+00 
2037.100000 1.31958225e+01 0.00000000e+00 
2037.150000 1.01052771e+01 0.00000000e+00 
2037.200000 1.41966811e+00 0.00000000e+00 
2037.250000 9.93015992e-01 0.00000000e+00 
2037.300000 -8.95396389e-01 0.00000000e+00 
2037.350000 -3.59818030e+00 0.00000000e+00 
2037.400000 -4.82090419e+00 0.00000000e+00 
2037.450000 -6.30105811e+00 0.00000000e+00 
2037.500000 -8.28740445e+00 0.00000000e+00 
2037.550000 -1.23224245e+01 0.00000000e+00 
2037.600000 -7.86217792e+00 0.00000000e+00 
2037.650000 -8.30304790e+00 0.00000000e+00 
2037.700000 -2.86880894e-02 0.00000000e+00 
2037.750000 4.41491421e+00 0.00000000e+00 
2037.800000 4.28034885e-01 0.00000000e+00 
2037.850000 9.37435595e+00 0.00000000e+00 
2037.900000 9.78907136e+00 0.00000000e+00 
2037.950000 1.15723208e+01 0.00000000e+00 
2038.000000 1.19463963e+01 0.00000000e+00 
2038.050000 1.65423088e+01 0.00000000e+00 
2038.100000 1.42146264e+01 0.00000000e+00 
2038.150000 1.19236644e+01 0.00000000e+00 
2038.200000 1.12053948e+01 0.00000000e+00 
2038.250000 1.03753439e+01 0.00000000e+00 
2038.300000 4.65807272e+00 0.00000000e+00 
2038.350000 3.22779885e+00 0.00000000e+00 
2038.400000 5.25801715e+00 0.00000000e+00 
2038.450000 6.97557647e+00 0.00000000e+00 
2038.500000 7.22514743e+00 0.00000000e+00 
2038.550000 6.45826087e+00 0.00000000e+00 
2038.600000 6.98561693e+00 0.00000000e+00 
2038.650000 8.77793953e+00 0.00000000e+00 
2038.700000 1.60616348e+01 0.00000000e+00 
2038.750000 2.49876488e+01 0.00000000e+00 
2038.800000 2.65026048e+01 0.00000000e+00 
2038.850000 3.27952528e+01 0.00000000e+00 
2038.900000 3.67603998e+01 0.00000000e+00 
2038.950000 3.52982885e+01 0.00000000e+00 
2039.000000 4.46961178e+01 0.00000000e+00 
2039.050000 4.78050550e+01 0.00000000e+00 
2039.100000 4.43571385e+01 0.00000000e+00 
2039.150000 4.63661728e+01 0.00000000e+00 
2039.200000 4.22578391e+01 0.00000000e+00 
2039.250000 4.41086370e+01 0.00000000e+00 
2039.300000 4.63474339e+01 0.00000000e+00 
2039.350000 4.42503444e+01 0.00000000e+00 
2039.400000 4.03649198e+01 0.00000000e+00 
2039.450000 4.06899126e+01 0.00000000e+00 
2039.500000 4.47629853e+01 0.00000000e+00 
2039.550000 4.71193009e+01 0.00000000e+00 
2039.600000 5.13632500e+01 0.00000000e+00 
2039.650000 5.87437923e+01 0.00000000e+00 
2039.700000 6.19552923e+01 0.00000000e+00 
2039.750000 7.04758630e+01 0.00000000e+00 
2039.800000 7.27151915e+01 0.00000000e+00 
2039.850000 7.79015382e+01 0.00000000e+00 
2039.900000 8.45596071e+01 0.00000000e+00 
2039.950000 8.78502495e+01 0.00000000e+00 
2040.000000 8.96801963e+01 0.00000000e+00 
2040.050000 8.90533899e+01 0.00000000e+00 
2040.100000 9.11994873e+01 0.00000000e+00 
2040.150000 9.50778710e+01 0.00000000e+00 
2040.200000 9.47664238e+01 0.00000000e+00 
2040.250000 9.02728259e+01 0.00000000e+00 
2040.300000 9.29713188e+01 0.00000000e+00 
2040.350000 9.36068324e+01 0.00000000e+00 
2040.400000 9.05783533e+01 0.00000000e+00 
2040.450000 9.20912839e+01 0.00000000e+00 
2040.500000 9.85493628e+01 0.00000000e+00 
2040.550000 9.56875590e+01 0.00000000e+00 
2040.600000 1.04031415e+02 0.00000000e+00 
2040.650000 1.09806106e+02 0.00000000e+00 
2040.700000 1.09528328e+02 0.00000000e+00 
2040.750000 1.18385247e+02 0.00000000e+00 
2040.800000 1.21798970e+02 0.00000000e+00 
2040.850000 1.29497364e+02 0.00000000e+00 
2040.900000 1.33030053e+02 0.00000000e+00 
2040.950000 1.34299535e+02 0.00000000e+00 
2041.000000 1.41593107e+02 0.00000000e+00 
2041.050000 1.43283846e+02 0.00000000e+00 
2041.100000 1.41613290e+02 0.00000000e+00 
2041.150000 1.43825701e+02 0.00000000e+00 
2041.200000 1.39376670e+02 0.00000000e+00 
2041.250000 1.38537489e+02 0.00000000e+00 
2041.300000 1.37588656e+02 0.00000000e+00 
2041.350000 1.38812688e+02 0.00000000e+00 
2041.400000 1.37636988e+02 0.00000000e+00 
2041.450000 1.42894898e+02 0.00000000e+00 
2041.500000 1.40187100e+02 0.00000000e+00 
2041.550000 1.43626209e+02 0.00000000e+00 
2041.600000 1.46690490e+02 0.00000000e+00 
2041.650000 1.50051500e+02 0.00000000e+00 
2041.700000 1.53964826e+02 0.00000000e+00 
2041.750000 1.60576316e+02 0.00000000e+00 
2041.800000 1.60195875e+02 0.00000000e+00 
2041.850000 1.69856230e+02 0.00000000e+00 
2041.900000 1.71371076e+02 0.00000000e+00 
2041.950000 1.70245577e+02 0.00000000e+00 
2042.000000 1.76304168e+02 0.00000000e+00 
2042.050000 1.76932421e+02 0.00000000e+00 
2042.100000 1.77456387e+02 0.00000000e+00 
2042.150000 1.71804596e+02 0.00000000e+00 
2042.200000 1.73872198e+02 0.00000000e+00 
2042.250000 1.68685371e+02 0.00000000e+00 
2042.300000 1.62714979e+02 0.00000000e+00 
2042.350000 1.61793460e+02 0.00000000e+00 
2042.400000 1.63401275e+02 0.00000000e+00 
2042.450000 1.64033408e+02 0.00000000e+00 
2042.500000 1.57833696e+02 0.00000000e+00 
2042.550000 1.60625042e+02 0.00000000e+00 
2042.600000 1.61027978e+02 0.00000000e+00 
2042.650000 1.68302608e+02 0.00000000e+00 
2042.700000 1.65443475e+02 0.00000000e+00 
2042.750000 1.72809133e+02 0.00000000e+00 
2042.800000 1.71723041e+02 0.00000000e+00 
2042.850000 1.76964868e+02 0.00000000e+00 
2042.900000 1.74542956e+02 0.00000000e+00 
2042.950000 1.81096375e+02 0.00000000e+00 
2043.000000 1.73580160e+02 0.00000000e+00 
2043.050000 1.77459517e+02 0.00000000e+00 
2043.100000 1.75471890e+02 0.00000000e+00 
2043.150000 1.69930450e+02 0.00000000e+00 
2043.200000 1.65924792e+02 0.00000000e+00 
2043.250000 1.64979861e+02 0.00000000e+00 
2043.300000 1.57513196e+02 0.00000000e+00 
2043.350000 1.55578080e+02 0.00000000e+00 
2043.400000 1.46542393e+02 0.00000000e+00 
2043.450000 1.45283346e+02 0.00000000e+00 
2043.500000 1.47475874e+02 0.00000000e+00 
2043.550000 1.48826862e+02 0.00000000e+00 
2043.600000 1.43176629e+02 0.00000000e+00 
2043.650000 1.48439189e+02 0.00000000e+00 
2043.700000 1.49183231e+02 0.00000000e+00 
2043.750000 1.48365617e+02 0.00000000e+00 
2043.800000 1.50777102e+02 0.00000000e+00 
2043.850000 1.56123660e+02 0.00000000e+00 
2043.900000 1.49218577e+02 0.00000000e+00 
2043.950000 1.52406585e+02 0.00000000e+00 
2044.000000 1.50298982e+02 0.00000000e+00 
2044.050000 1.47930489e+02 0.00000000e+00 
2044.100000 1.43691915e+02 0.00000000e+00 
2044.150000 1.39839892e+02 0.00000000e+00 
2044.200000 1.33722692e+02 0.00000000e+00 
2044.250000 1.25436639e+02 0.00000000e+00 
2044.300000 1.22208421e+02 0.00000000e+00 
2044.350000 1.18657766e+02 0.00000000e+00 
2044.400000 1.14053675e+02 0.00000000e+00 
2044.450000 1.10844423e+02 0.00000000e+00 
2044.500000 1.11075345e+02 0.00000000e+00 
2044.550000 1.01267180e+02 0.00000000e+00 
2044.600000 1.04778658e+02 0.00000000e+00 
2044.650000 1.03295812e+02 0.00000000e+00 
2044.700000 1.03104483e+02 0.00000000e+00 
2044.750000 1.02230254e+02 0.00000000e+00 
2044.800000 1.03777511e+02 0.00000000e+00 
2044.850000 1.05489503e+02 0.00000000e+00 
2044.900000 1.04487467e+02 0.00000000e+00 
2044.950000 9.91261945e+01 0.00000000e+00 
2045.000000 1.01912422e+02 0.00000000e+00 
2045.050000 9.73763430e+01 0.00000000e+00 
2045.100000 9.65086425e+01 0.00000000e+00 
2045.150000 8.55457037e+01 0.00000000e+00 
2045.200000 8.08034288e+01 0.00000000e+00 
2045.250000 7.29226639e+01 0.00000000e+00 
2045.300000 7.06215695e+01 0.00000000e+00 
2045.350000 6.71050297e+01 0.00000000e+00 
2045.400000 5.92459806e+01 0.00000000e+00 
2045.450000 5.50630415e+01 0.00000000e+00 
2045.500000 5.23592323e+01 0.00000000e+00 
2045.550000 5.04754367e+01 0.00000000e+00 
2045.600000 5.16470905e+01 0.00000000e+00 
2045.650000 4.92546197e+01 0.00000000e+00 
2045.700000 4.84857107e+01 0.00000000e+00 
2045.750000 5.12838193e+01 0.00000000e+00 
2045.800000 4.78844819e+01 0.00000000e+00 
2045.850000 5.21451002e+01 0.00000000e+00 
2045.900000 5.03346913e+01 0.00000000e+00 
2045.950000 5.40776271e+01 0.00000000e+00 
2046.000000 4.66673507e+01 0.00000000e+00 
2046.050000 4.60477193e+01 0.00000000e+00 
2046.100000 4.17916664e+01 0.00000000e+00 
2046.150000 3.50110792e+01 0.00000000e+00 
2046.200000 3.40206160e+01 0.00000000e+00 
2046.250000 2.26693488e+01 0.00000000e+00 
2046.300000 1.81422157e+01 0.00000000e+00 
2046.350000 1.46926509e+01 0.00000000e+00 
2046.400000 1.58403960e+01 0.00000000e+00 
2046.450000 1.19729577e+01 0.00000000e+00 
2046.500000 5.27774511e+00 0.00000000e+00 
2046.550000 6.24601773e+00 0.00000000e+00 
2046.600000 4.94722171e+00 0.00000000e+00 
2046.650000 7.59532600e+00 0.00000000e+00 
2046.700000 1.26778451e+01 0.00000000e+00 
2046.750000 8.44845671e+00 0.00000000e+00 
2046.800000 1.59054522e+01 0.00000000e+00 
2046.850000 1.26619243e+01 0.00000000e+00 
2046.900000 1.33803235e+01 0.00000000e+00 
2046.950000 1.62870341e+01 0.00000000e+00 
2047.000000 1.60238298e+01 0.00000000e+00 
2047.050000 1.38104921e+01 0.00000000e+00 
2047.100000 8.11786575e+00 0.00000000e+00 
2047.150000 6.76867558e+00 0.00000000e+00 
2047.200000 3.02804784e+00 0.00000000e+00 
2047.250000 1.39667506e-01 0.00000000e+00 
2047.300000 -3.90760514e+00 0.00000000e+00 
2047.350000 -4.60554845e+00 0.00000000e+00 
2047.400000 -5.87982548e+00 0.00000000e+00 
2047.450000 -9.96502313e+00 0.00000000e+00 
2047.500000 -8.89152787e+00 0.00000000e+00 
2047.550000 -7.94582812e+00 0.00000000e+00 
2047.600000 -7.63443184e+00 0.00000000e+00 
2047.650000 -5.99958694e+00 0.00000000e+00 
2047.700000 -3.42237922e+00 0.00000000e+00 
2047.750000 -1.14921447e+00 0.00000000e+00 
2047.800000 4.23824526e+00 0.00000000e+00 
2047.850000 8.50403448e+00 0.00000000e+00 
2047.900000 1.07296285e+01 0.00000000e+00 
2047.950000 1.37581796e+01 0.00000000e+00 
2048.000000 1.47959454e+01 0.00000000e+00 
2048.050000 1.65384851e+01 0.00000000e+00 
2048.100000 1.35916925e+01 0.00000000e+00 
2048.150000 1.35694863e+01 0.00000000e+00 
2048.200000 1.27584885e+01 0.00000000e+00 
2048.250000 9.77660051e+00 0.00000000e+00 
2048.300000 9.43186291e+00 0.00000000e+00 
2048.350000 4.05341498e+00 0.00000000e+00 
2048.400000 7.91160970e+00 0.00000000e+00 
2048.450000 8.18626491e+00 0.00000000e+00 
2048.500000 8.54207487e+00 0.00000000e+00 
2048.550000 1.01804901e+01 0.00000000e+00 
2048.600000 1.33729090e+01 0.00000000e+00 
2048.650000 1.50517811e+01 0.00000000e+00 
2048.700000 2.55268224e+01 0.00000000e+00 
2048.750000 2.98579224e+01 0.00000000e+00 
2048.800000 3.17355491e+01 0.00000000e+00 
2048.850000 3.60470212e+01 0.00000000e+00 
2048.900000 4.28158625e+01 0.00000000e+00 
2048.950000 4.88073472e+01 0.00000000e+00 
2049.000000 5.21035654e+01 0.00000000e+00 
2049.050000 5.35831739e+01 0.00000000e+00 
2049.100000 5.52544451e+01 0.00000000e+00 
2049.150000 5.76979526e+01 0.00000000e+00 
2049.200000 5.07288082e+01 0.00000000e+00 
2049.250000 5.47755532e+01 0.00000000e+00 
2049.300000 5.34768063e+01 0.00000000e+00 
2049.350000 5.21861859e+01 0.00000000e+00 
2049.400000 5.58358399e+01 0.00000000e+00 
2049.450000 5.59433549e+01 0.00000000e+00 
2049.500000 6.08766445e+01 0.00000000e+00 
2049.550000 5.99454828e+01 0.00000000e+00 
2049.600000 6.48197888e+01 0.00000000e+00 
2049.650000 7.27055534e+01 0.00000000e+00 
2049.700000 7.59903413e+01 0.00000000e+00 
2049.750000 8.42615925e+01 0.00000000e+00 
2049.800000 8.94906368e+01 0.00000000e+00 
2049.850000 9.84791995e+01 0.00000000e+00 
2049.900000 1.02590746e+02 0.00000000e+00 
2049.950000 1.05555480e+02 0.00000000e+00 
2050.000000 1.08822620e+02 0.00000000e+00 
2050.050000 1.12048161e+02 0.00000000e+00 
2050.100000 1.19475784e+02 0.00000000e+00 
2050.150000 1.15627081e+02 0.00000000e+00 
2050.200000 1.15781008e+02 0.00000000e+00 
2050.250000 1.15942239e+02 0.00000000e+00 
2050.300000 1.19511760e+02 0.00000000e+00 
2050.350000 1.13446570e+02 0.00000000e+00 
2050.400000 1.20127585e+02 0.00000000e+00 
2050.450000 1.18228974e+02 0.00000000e+00 
2050.500000 1.21794887e+02 0.00000000e+00 
2050.550000 1.27324521e+02 0.00000000e+00 
2050.600000 1.28627946e+02 0.00000000e+00 
2050.650000 1.36644377e+02 0.00000000e+00 
2050.700000 1.41477342e+02 0.00000000e+00 
2050.750000 1.44927820e+02 0.00000000e+00 
2050.800000 1.54169131e+02 0.00000000e+00 
2050.850000 1.60659048e+02 0.00000000e+00 
2050.900000 1.65866639e+02 0.00000000e+00 
2050.950000 1.67711106e+02 0.00000000e+00 
2051.000000 1.72080599e+02 0.00000000e+00 
2051.050000 1.75594311e+02 0.00000000e+00 
2051.100000 1.76665517e+02 0.00000000e+00 
2051.150000 1.75217506e+02 0.00000000e+00 
