2000.000000 4.02870398e+00 0.00000000e+00 
2000.050000 3.65935073e+00 0.00000000e+00 
2000.100000 2.85422383e+00 0.00000000e+00 
2000.150000 1.68783041e+00 0.00000000e+00 
2000.200000 2.74297258e-01 0.00000000e+00 
2000.250000 -1.25010503e+00 0.00000000e+00 
2000.300000 -2.73940009e+00 0.00000000e+00 
2000.350000 -4.04673260e+00 0.00000000e+00 
2000.400000 -5.03899465e+00 0.00000000e+00 
2000.450000 -5.61352702e+00 0.00000000e+00 
2000.500000 -5.71096848e+00 0.00000000e+00 
2000.550000 -5.31375239e+00 0.00000000e+00 
2000.600000 -4.45433312e+00 0.00000000e+00 
2000.650000 -3.21008969e+00 0.00000000e+00 
2000.700000 -1.69417314e+00 0.00000000e+00 
2000.750000 -4.94526910e-02 0.00000000e+00 
2000.800000 1.56849383e+00 0.00000000e+00 
2000.850000 3.00564376e+00 0.00000000e+00 
2000.900000 4.12400815e+00 0.00000000e+00 
2000.950000 4.81876044e+00 0.00000000e+00 
2001.000000 5.02556472e+00 0.00000000e+00 
2001.050000 4.72451965e+00 0.00000000e+00 
2001.100000 3.94625822e+00 0.00000000e+00 
2001.150000 2.76786163e+00 0.00000000e+00 
2001.200000 1.30458873e+00 0.00000000e+00 
2001.250000 -3.01039501e-01 0.00000000e+00 
2001.300000 -1.89236232e+00 0.00000000e+00 
2001.350000 -3.31432549e+00 0.00000000e+00 
2001.400000 -4.42826022e+00 0.00000000e+00 
2001.450000 -5.12596099e+00 0.00000000e+00 
2001.500000 -5.33957837e+00 0.00000000e+00 
2001.550000 -5.04905256e+00 0.00000000e+00 
2001.600000 -4.28192720e+00 0.00000000e+00 
2001.650000 -3.11298480e+00 0.00000000e+00 
2001.700000 -1.65572074e+00 0.00000000e+00 
2001.750000 -5.22931423e-02 0.00000000e+00 
2001.800000 1.54174416e+00 0.00000000e+00 
2001.850000 2.97121692e+00 0.00000000e+00 
2001.900000 4.09712218e+00 0.00000000e+00 
2001.950000 4.81025104e+00 0.00000000e+00 
2002.000000 5.04177729e+00 0.00000000e+00 
2002.050000 4.76999420e+00 0.00000000e+00 
2002.100000 4.02132134e+00 0.00000000e+00 
2002.150000 2.86895479e+00 0.00000000e+00 
2002.200000 1.42573961e+00 0.00000000e+00 
2002.250000 -1.67371462e-01 0.00000000e+00 
2002.300000 -1.75492030e+00 0.00000000e+00 
2002.350000 -3.18171773e+00 0.00000000e+00 
2002.400000 -4.30800210e+00 0.00000000e+00 
2002.450000 -5.02370952e+00 0.00000000e+00 
2002.500000 -5.25931163e+00 0.00000000e+00 
2002.550000 -4.99183145e+00 0.00000000e+00 
2002.600000 -4.24729615e+00 0.00000000e+00 
2002.650000 -3.09847872e+00 0.00000000e+00 
2002.700000 -1.65733349e+00 0.00000000e+00 
2002.750000 -6.44903818e-02 0.00000000e+00 
2002.800000 1.52445010e+00 0.00000000e+00 
2002.850000 2.95421847e+00 0.00000000e+00 
2002.900000 4.08525489e+00 0.00000000e+00 
2002.950000 4.80750771e+00 0.00000000e+00 
2003.000000 5.05066491e+00 0.00000000e+00 
2003.050000 4.79091102e+00 0.00000000e+00 
2003.100000 4.05380951e+00 0.00000000e+00 
2003.150000 2.91168364e+00 0.00000000e+00 
2003.200000 1.47616880e+00 0.00000000e+00 
2003.250000 -1.11936840e-01 0.00000000e+00 
2003.300000 -1.69730122e+00 0.00000000e+00 
2003.350000 -3.12484137e+00 0.00000000e+00 
2003.400000 -4.25495216e+00 0.00000000e+00 
2003.450000 -4.97704639e+00 0.00000000e+00 
2003.500000 -5.22057757e+00 0.00000000e+00 
2003.550000 -4.96185024e+00 0.00000000e+00 
2003.600000 -4.22602676e+00 0.00000000e+00 
2003.650000 -3.08515640e+00 0.00000000e+00 
2003.700000 -1.65093256e+00 0.00000000e+00 
2003.750000 -6.37318787e-02 0.00000000e+00 
2003.800000 1.52124603e+00 0.00000000e+00 
2003.850000 2.94869843e+00 0.00000000e+00 
2003.900000 4.07909780e+00 0.00000000e+00 
2003.950000 4.80157674e+00 0.00000000e+00 
2004.000000 5.04582072e+00 0.00000000e+00 
2004.050000 4.78814273e+00 0.00000000e+00 
2004.100000 4.05384986e+00 0.00000000e+00 
2004.150000 2.91537655e+00 0.00000000e+00 
2004.200000 1.48422760e+00 0.00000000e+00 
2004.250000 -9.91611324e-02 0.00000000e+00 
2004.300000 -1.67971270e+00 0.00000000e+00 
2004.350000 -3.10272887e+00 0.00000000e+00 
2004.400000 -4.22900668e+00 0.00000000e+00 
2004.450000 -4.94822754e+00 0.00000000e+00 
2004.500000 -5.19007403e+00 0.00000000e+00 
2004.550000 -4.93117426e+00 0.00000000e+00 
2004.600000 -4.19675620e+00 0.00000000e+00 
2004.650000 -3.05875179e+00 0.00000000e+00 
2004.700000 -1.62879325e+00 0.00000000e+00 
2004.750000 -4.70488967e-02 0.00000000e+00 
2004.800000 1.53170927e+00 0.00000000e+00 
2004.850000 2.95297654e+00 0.00000000e+00 
2004.900000 4.07773770e+00 0.00000000e+00 
2004.950000 4.79602787e+00 0.00000000e+00 
2005.000000 5.03783886e+00 0.00000000e+00 
2005.050000 4.77967533e+00 0.00000000e+00 
2005.100000 4.04692538e+00 0.00000000e+00 
2005.150000 2.91155893e+00 0.00000000e+00 
2005.200000 1.48477482e+00 0.00000000e+00 
2005.250000 -9.35932533e-02 0.00000000e+00 
2005.300000 -1.66878040e+00 0.00000000e+00 
2005.350000 -3.08657391e+00 0.00000000e+00 
2005.400000 -4.20815222e+00 0.00000000e+00 
2005.450000 -4.92386192e+00 0.00000000e+00 
2005.500000 -5.16356313e+00 0.00000000e+00 
2005.550000 -4.90394571e+00 0.00000000e+00 
2005.600000 -4.17054632e+00 0.00000000e+00 
2005.650000 -3.03537187e+00 0.00000000e+00 
2005.700000 -1.60945885e+00 0.00000000e+00 
2005.750000 -3.24998647e-02 0.00000000e+00 
2005.800000 1.54126888e+00 0.00000000e+00 
2005.850000 2.95794060e+00 0.00000000e+00 
2005.900000 4.07888114e+00 0.00000000e+00 
2005.950000 4.79444777e+00 0.00000000e+00 
2006.000000 5.03483923e+00 0.00000000e+00 
2006.050000 4.77663609e+00 0.00000000e+00 
2006.100000 4.04536746e+00 0.00000000e+00 
2006.150000 2.91267600e+00 0.00000000e+00 
2006.200000 1.48943447e+00 0.00000000e+00 
2006.250000 -8.48388019e-02 0.00000000e+00 
2006.300000 -1.65592297e+00 0.00000000e+00 
2006.350000 -3.07009952e+00 0.00000000e+00 
2006.400000 -4.18897503e+00 0.00000000e+00 
2006.450000 -4.90296760e+00 0.00000000e+00 
2006.500000 -5.14207127e+00 0.00000000e+00 
2006.550000 -4.88285808e+00 0.00000000e+00 
2006.600000 -4.15061260e+00 0.00000000e+00 
2006.650000 -3.01697918e+00 0.00000000e+00 
2006.700000 -1.59286012e+00 0.00000000e+00 
2006.750000 -1.77556290e-02 0.00000000e+00 
2006.800000 1.55430054e+00 0.00000000e+00 
2006.850000 2.96940985e+00 0.00000000e+00 
2006.900000 4.08910596e+00 0.00000000e+00 
2006.950000 4.80385562e+00 0.00000000e+00 
2007.000000 5.04382714e+00 0.00000000e+00 
2007.050000 4.78549437e+00 0.00000000e+00 
2007.100000 4.05423266e+00 0.00000000e+00 
2007.150000 2.92166057e+00 0.00000000e+00 
2007.200000 1.49877436e+00 0.00000000e+00 
2007.250000 -7.51055091e-02 0.00000000e+00 
2007.300000 -1.64584318e+00 0.00000000e+00 
2007.350000 -3.05962615e+00 0.00000000e+00 
2007.400000 -4.17786297e+00 0.00000000e+00 
2007.450000 -4.89101713e+00 0.00000000e+00 
2007.500000 -5.12904989e+00 0.00000000e+00 
2007.550000 -4.86873032e+00 0.00000000e+00 
2007.600000 -4.13531559e+00 0.00000000e+00 
2007.650000 -3.00068854e+00 0.00000000e+00 
2007.700000 -1.57582016e+00 0.00000000e+00 
2007.750000 -1.59987715e-04 0.00000000e+00 
2007.800000 1.57196912e+00 0.00000000e+00 
2007.850000 2.98665352e+00 0.00000000e+00 
2007.900000 4.10529800e+00 0.00000000e+00 
2007.950000 4.81849539e+00 0.00000000e+00 
2008.000000 5.05648552e+00 0.00000000e+00 
2008.050000 4.79601768e+00 0.00000000e+00 
2008.100000 4.06269158e+00 0.00000000e+00 
2008.150000 2.92837390e+00 0.00000000e+00 
2008.200000 1.50428055e+00 0.00000000e+00 
2008.250000 -6.99994172e-02 0.00000000e+00 
2008.300000 -1.64030818e+00 0.00000000e+00 
2008.350000 -3.05265613e+00 0.00000000e+00 
2008.400000 -4.16877026e+00 0.00000000e+00 
2008.450000 -4.87923687e+00 0.00000000e+00 
2008.500000 -5.11441592e+00 0.00000000e+00 
2008.550000 -4.85129155e+00 0.00000000e+00 
2008.600000 -4.11556914e+00 0.00000000e+00 
2008.650000 -2.97928084e+00 0.00000000e+00 
2008.700000 -1.55362081e+00 0.00000000e+00 
2008.750000 2.18301997e-02 0.00000000e+00 
2008.800000 1.59282275e+00 0.00000000e+00 
2008.850000 3.00556015e+00 0.00000000e+00 
2008.900000 4.12164920e+00 0.00000000e+00 
2008.950000 4.83195833e+00 0.00000000e+00 
2009.000000 5.06711071e+00 0.00000000e+00 
2009.050000 4.80402937e+00 0.00000000e+00 
2009.100000 4.06858819e+00 0.00000000e+00 
2009.150000 2.93284083e+00 0.00000000e+00 
2009.200000 1.50805376e+00 0.00000000e+00 
2009.250000 -6.62102182e-02 0.00000000e+00 
2009.300000 -1.63580639e+00 0.00000000e+00 
2009.350000 -3.04691409e+00 0.00000000e+00 
2009.400000 -4.16121052e+00 0.00000000e+00 
2009.450000 -4.86948449e+00 0.00000000e+00 
2009.500000 -5.10232175e+00 0.00000000e+00 
2009.550000 -4.83683762e+00 0.00000000e+00 
2009.600000 -4.09892044e+00 0.00000000e+00 
2009.650000 -2.96087544e+00 0.00000000e+00 
2009.700000 -1.53403535e+00 0.00000000e+00 
2009.750000 4.18682764e-02 0.00000000e+00 
2009.800000 1.61253376e+00 0.00000000e+00 
2009.850000 3.02412963e+00 0.00000000e+00 
2009.900000 4.13840309e+00 0.00000000e+00 
2009.950000 4.84616450e+00 0.00000000e+00 
2010.000000 5.07825475e+00 0.00000000e+00 
2010.050000 4.81203945e+00 0.00000000e+00 
2010.100000 4.07353567e+00 0.00000000e+00 
2010.150000 2.93510095e+00 0.00000000e+00 
2010.200000 1.50826401e+00 0.00000000e+00 
2010.250000 -6.72015164e-02 0.00000000e+00 
2010.300000 -1.63689404e+00 0.00000000e+00 
2010.350000 -3.04694340e+00 0.00000000e+00 
2010.400000 -4.15921571e+00 0.00000000e+00 
2010.450000 -4.86473621e+00 0.00000000e+00 
2010.500000 -5.09445632e+00 0.00000000e+00 
2010.550000 -4.82582205e+00 0.00000000e+00 
2010.600000 -4.08515049e+00 0.00000000e+00 
2010.650000 -2.94486163e+00 0.00000000e+00 
2010.700000 -1.51666546e+00 0.00000000e+00 
2010.750000 5.95193564e-02 0.00000000e+00 
2010.800000 1.62934530e+00 0.00000000e+00 
2010.850000 3.03913602e+00 0.00000000e+00 
2010.900000 4.15091921e+00 0.00000000e+00 
2010.950000 4.85587003e+00 0.00000000e+00 
2011.000000 5.08494528e+00 0.00000000e+00 
2011.050000 4.81566251e+00 0.00000000e+00 
2011.100000 4.07453519e+00 0.00000000e+00 
2011.150000 2.93419967e+00 0.00000000e+00 
2011.200000 1.50631343e+00 0.00000000e+00 
2011.250000 -6.92712288e-02 0.00000000e+00 
2011.300000 -1.63823703e+00 0.00000000e+00 
2011.350000 -3.04690846e+00 0.00000000e+00 
2011.400000 -4.15737460e+00 0.00000000e+00 
2011.450000 -4.86079185e+00 0.00000000e+00 
2011.500000 -5.08830738e+00 0.00000000e+00 
2011.550000 -4.81759888e+00 0.00000000e+00 
2011.600000 -4.07519469e+00 0.00000000e+00 
2011.650000 -2.93383758e+00 0.00000000e+00 
2011.700000 -1.50535936e+00 0.00000000e+00 
2011.750000 7.03103457e-02 0.00000000e+00 
2011.800000 1.63892171e+00 0.00000000e+00 
2011.850000 3.04698652e+00 0.00000000e+00 
2011.900000 4.15661532e+00 0.00000000e+00 
2011.950000 4.85916452e+00 0.00000000e+00 
2012.000000 5.08587143e+00 0.00000000e+00 
2012.050000 4.81449643e+00 0.00000000e+00 
2012.100000 4.07166699e+00 0.00000000e+00 
2012.150000 2.93015512e+00 0.00000000e+00 
2012.200000 1.50172619e+00 0.00000000e+00 
2012.250000 -7.37167851e-02 0.00000000e+00 
2012.300000 -1.64195083e+00 0.00000000e+00 
2012.350000 -3.04932391e+00 0.00000000e+00 
2012.400000 -4.15814870e+00 0.00000000e+00 
2012.450000 -4.85985744e+00 0.00000000e+00 
2012.500000 -5.08580165e+00 0.00000000e+00 
2012.550000 -4.81378665e+00 0.00000000e+00 
2012.600000 -4.07050114e+00 0.00000000e+00 
2012.650000 -2.92875849e+00 0.00000000e+00 
2012.700000 -1.50039241e+00 0.00000000e+00 
2012.750000 7.47333039e-02 0.00000000e+00 
2012.800000 1.64235910e+00 0.00000000e+00 
2012.850000 3.04897377e+00 0.00000000e+00 
2012.900000 4.15687234e+00 0.00000000e+00 
2012.950000 4.85755863e+00 0.00000000e+00 
2013.000000 5.08260534e+00 0.00000000e+00 
2013.050000 4.80993246e+00 0.00000000e+00 
2013.100000 4.06631221e+00 0.00000000e+00 
2013.150000 2.92454267e+00 0.00000000e+00 
2013.200000 1.49634416e+00 0.00000000e+00 
2013.250000 -7.83482343e-02 0.00000000e+00 
2013.300000 -1.64545822e+00 0.00000000e+00 
2013.350000 -3.05153770e+00 0.00000000e+00 
2013.400000 -4.15905437e+00 0.00000000e+00 
2013.450000 -4.85958426e+00 0.00000000e+00 
2013.500000 -5.08461970e+00 0.00000000e+00 
2013.550000 -4.81227896e+00 0.00000000e+00 
2013.600000 -4.06921884e+00 0.00000000e+00 
2013.650000 -2.92820467e+00 0.00000000e+00 
2013.700000 -1.50093395e+00 0.00000000e+00 
2013.750000 7.28213576e-02 0.00000000e+00 
2013.800000 1.63897073e+00 0.00000000e+00 
2013.850000 3.04422323e+00 0.00000000e+00 
2013.900000 4.15098207e+00 0.00000000e+00 
2013.950000 4.85100497e+00 0.00000000e+00 
2014.000000 5.07583567e+00 0.00000000e+00 
2014.050000 4.80347663e+00 0.00000000e+00 
2014.100000 4.06061616e+00 0.00000000e+00 
2014.150000 2.92007911e+00 0.00000000e+00 
2014.200000 1.49351231e+00 0.00000000e+00 
2014.250000 -7.94231374e-02 0.00000000e+00 
2014.300000 -1.64474775e+00 0.00000000e+00 
2014.350000 -3.04926554e+00 0.00000000e+00 
2014.400000 -4.15558675e+00 0.00000000e+00 
2014.450000 -4.85552501e+00 0.00000000e+00 
2014.500000 -5.08065988e+00 0.00000000e+00 
2014.550000 -4.80903213e+00 0.00000000e+00 
2014.600000 -4.06735915e+00 0.00000000e+00 
2014.650000 -2.92831253e+00 0.00000000e+00 
2014.700000 -1.50345628e+00 0.00000000e+00 
2014.750000 6.77149190e-02 0.00000000e+00 
2014.800000 1.63140583e+00 0.00000000e+00 
2014.850000 3.03462174e+00 0.00000000e+00 
2014.900000 4.14009679e+00 0.00000000e+00 
2014.950000 4.83973270e+00 0.00000000e+00 
2015.000000 5.06912756e+00 0.00000000e+00 
2015.050000 4.80266085e+00 0.00000000e+00 
2015.100000 4.06654421e+00 0.00000000e+00 
2015.150000 2.93286614e+00 0.00000000e+00 
2015.200000 1.51269296e+00 0.00000000e+00 
2015.250000 -5.49555906e-02 0.00000000e+00 
2015.300000 -1.61647848e+00 0.00000000e+00 
2015.350000 -3.01906138e+00 0.00000000e+00 
2015.400000 -4.12542484e+00 0.00000000e+00 
2015.450000 -4.82733862e+00 0.00000000e+00 
2015.500000 -5.05611033e+00 0.00000000e+00 
2015.550000 -4.78951795e+00 0.00000000e+00 
2015.600000 -4.05375382e+00 0.00000000e+00 
2015.650000 -2.92087192e+00 0.00000000e+00 
2015.700000 -1.50198353e+00 0.00000000e+00 
2015.750000 6.40556453e-02 0.00000000e+00 
2015.800000 1.62394394e+00 0.00000000e+00 
2015.850000 3.02499854e+00 0.00000000e+00 
2015.900000 4.13025990e+00 0.00000000e+00 
2015.950000 4.83148360e+00 0.00000000e+00 
2016.000000 5.06003037e+00 0.00000000e+00 
2016.050000 4.79365535e+00 0.00000000e+00 
2016.100000 4.05852980e+00 0.00000000e+00 
2016.150000 2.92659319e+00 0.00000000e+00 
2016.200000 1.50874396e+00 0.00000000e+00 
2016.250000 -5.62599298e-02 0.00000000e+00 
2016.300000 -1.61520095e+00 0.00000000e+00 
2016.350000 -3.01549772e+00 0.00000000e+00 
2016.400000 -4.12015447e+00 0.00000000e+00 
2016.450000 -4.82106036e+00 0.00000000e+00 
2016.500000 -5.04967099e+00 0.00000000e+00 
2016.550000 -4.78358853e+00 0.00000000e+00 
2016.600000 -4.04889168e+00 0.00000000e+00 
2016.650000 -2.91756031e+00 0.00000000e+00 
2016.700000 -1.50037099e+00 0.00000000e+00 
2016.750000 6.39438881e-02 0.00000000e+00 
2016.800000 1.62217553e+00 0.00000000e+00 
2016.850000 3.02180234e+00 0.00000000e+00 
2016.900000 4.12587670e+00 0.00000000e+00 
2016.950000 4.82630985e+00 0.00000000e+00 
2017.000000 5.05450032e+00 0.00000000e+00 
2017.050000 4.78815054e+00 0.00000000e+00 
2017.100000 4.05344697e+00 0.00000000e+00 
2017.150000 2.92237157e+00 0.00000000e+00 
2017.200000 1.50568668e+00 0.00000000e+00 
2017.250000 -5.78812658e-02 0.00000000e+00 
2017.300000 -1.61517367e+00 0.00000000e+00 
2017.350000 -3.01367383e+00 0.00000000e+00 
2017.400000 -4.11650636e+00 0.00000000e+00 
2017.450000 -4.81580300e+00 0.00000000e+00 
2017.500000 -5.04309956e+00 0.00000000e+00 
2017.550000 -4.77617372e+00 0.00000000e+00 
2017.600000 -4.04120019e+00 0.00000000e+00 
2017.650000 -2.91024253e+00 0.00000000e+00 
2017.700000 -1.49409514e+00 0.00000000e+00 
2017.750000 6.85502564e-02 0.00000000e+00 
2017.800000 1.62467396e+00 0.00000000e+00 
2017.850000 3.02195241e+00 0.00000000e+00 
2017.900000 4.12364850e+00 0.00000000e+00 
2017.950000 4.82182701e+00 0.00000000e+00 
2018.000000 5.04822123e+00 0.00000000e+00 
2018.050000 4.78077375e+00 0.00000000e+00 
2018.100000 4.04573706e+00 0.00000000e+00 
2018.150000 2.91515498e+00 0.00000000e+00 
2018.200000 1.49978335e+00 0.00000000e+00 
2018.250000 -6.17815334e-02 0.00000000e+00 
2018.300000 -1.61667612e+00 0.00000000e+00 
2018.350000 -3.01264354e+00 0.00000000e+00 
2018.400000 -4.11309535e+00 0.00000000e+00 
2018.450000 -4.81035492e+00 0.00000000e+00 
2018.500000 -5.03622576e+00 0.00000000e+00 
2018.550000 -4.76870988e+00 0.00000000e+00 
2018.600000 -4.03404924e+00 0.00000000e+00 
2018.650000 -2.90424093e+00 0.00000000e+00 
2018.700000 -1.48985617e+00 0.00000000e+00 
2018.750000 7.06220323e-02 0.00000000e+00 
2018.800000 1.62447076e+00 0.00000000e+00 
2018.850000 3.01970727e+00 0.00000000e+00 
2018.900000 4.11976432e+00 0.00000000e+00 
2018.950000 4.81712862e+00 0.00000000e+00 
2019.000000 5.04357959e+00 0.00000000e+00 
2019.050000 4.77702871e+00 0.00000000e+00 
2019.100000 4.04363900e+00 0.00000000e+00 
2019.150000 2.91519801e+00 0.00000000e+00 
2019.200000 1.50219479e+00 0.00000000e+00 
2019.250000 -5.71412454e-02 0.00000000e+00 
2019.300000 -1.61026386e+00 0.00000000e+00 
2019.350000 -3.00513476e+00 0.00000000e+00 
2019.400000 -4.10527718e+00 0.00000000e+00 
2019.450000 -4.80307445e+00 0.00000000e+00 
2019.500000 -5.03025951e+00 0.00000000e+00 
2019.550000 -4.76461425e+00 0.00000000e+00 
2019.600000 -4.03220261e+00 0.00000000e+00 
2019.650000 -2.90476502e+00 0.00000000e+00 
2019.700000 -1.49257471e+00 0.00000000e+00 
2019.750000 6.62168731e-02 0.00000000e+00 
2019.800000 1.61905494e+00 0.00000000e+00 
2019.850000 3.01405913e+00 0.00000000e+00 
2019.900000 4.11475304e+00 0.00000000e+00 
2019.950000 4.81346358e+00 0.00000000e+00 
2020.000000 5.04182064e+00 0.00000000e+00 
2020.050000 4.77754108e+00 0.00000000e+00 
2020.100000 4.04649002e+00 0.00000000e+00 
2020.150000 2.92017448e+00 0.00000000e+00 
2020.200000 1.50891782e+00 0.00000000e+00 
2020.250000 -4.92309435e-02 0.00000000e+00 
2020.300000 -1.60191206e+00 0.00000000e+00 
2020.350000 -2.99715817e+00 0.00000000e+00 
2020.400000 -4.09849113e+00 0.00000000e+00 
2020.450000 -4.79810981e+00 0.00000000e+00 
2020.500000 -5.02765746e+00 0.00000000e+00 
2020.550000 -4.76455853e+00 0.00000000e+00 
2020.600000 -4.03452188e+00 0.00000000e+00 
2020.650000 -2.90897090e+00 0.00000000e+00 
2020.700000 -1.49803292e+00 0.00000000e+00 
2020.750000 6.02321383e-02 0.00000000e+00 
2020.800000 1.61330695e+00 0.00000000e+00 
2020.850000 3.00919071e+00 0.00000000e+00 
2020.900000 4.11132690e+00 0.00000000e+00 
2020.950000 4.81190127e+00 0.00000000e+00 
2021.000000 5.04231731e+00 0.00000000e+00 
2021.050000 4.78006106e+00 0.00000000e+00 
2021.100000 4.05080609e+00 0.00000000e+00 
2021.150000 2.92591660e+00 0.00000000e+00 
2021.200000 1.51550761e+00 0.00000000e+00 
2021.250000 -4.23886282e-02 0.00000000e+00 
2021.300000 -1.59533104e+00 0.00000000e+00 
2021.350000 -2.99131636e+00 0.00000000e+00 
2021.400000 -4.09368451e+00 0.00000000e+00 
2021.450000 -4.79462998e+00 0.00000000e+00 
2021.500000 -5.02557783e+00 0.00000000e+00 
2021.550000 -4.76398954e+00 0.00000000e+00 
2021.600000 -4.03550595e+00 0.00000000e+00 
2021.650000 -2.91149279e+00 0.00000000e+00 
2021.700000 -1.50196371e+00 0.00000000e+00 
2021.750000 5.50894268e-02 0.00000000e+00 
2021.800000 1.60726727e+00 0.00000000e+00 
2021.850000 3.00266305e+00 0.00000000e+00 
2021.900000 4.10475289e+00 0.00000000e+00 
2021.950000 4.80584858e+00 0.00000000e+00 
2022.000000 5.03734189e+00 0.00000000e+00 
2022.050000 4.77670848e+00 0.00000000e+00 
2022.100000 4.04957564e+00 0.00000000e+00 
2022.150000 2.92724205e+00 0.00000000e+00 
2022.200000 1.51958887e+00 0.00000000e+00 
2022.250000 -3.56344577e-02 0.00000000e+00 
2022.300000 -1.58618413e+00 0.00000000e+00 
2022.350000 -2.98033552e+00 0.00000000e+00 
2022.400000 -4.08172695e+00 0.00000000e+00 
2022.450000 -4.78270902e+00 0.00000000e+00 
2022.500000 -5.01486519e+00 0.00000000e+00 
2022.550000 -4.75556038e+00 0.00000000e+00 
2022.600000 -4.03040122e+00 0.00000000e+00 
2022.650000 -2.91039431e+00 0.00000000e+00 
2022.700000 -1.50522878e+00 0.00000000e+00 
2022.750000 4.75631286e-02 0.00000000e+00 
2022.800000 1.59608724e+00 0.00000000e+00 
2022.850000 2.98882669e+00 0.00000000e+00 
2022.900000 4.08972514e+00 0.00000000e+00 
2022.950000 4.79112500e+00 0.00000000e+00 
2023.000000 5.02451208e+00 0.00000000e+00 
2023.050000 4.76722908e+00 0.00000000e+00 
2023.100000 4.04452868e+00 0.00000000e+00 
2023.150000 2.92725093e+00 0.00000000e+00 
2023.200000 1.52477686e+00 0.00000000e+00 
2023.250000 -2.56828794e-02 0.00000000e+00 
2023.300000 -1.57239236e+00 0.00000000e+00 
2023.350000 -2.96412051e+00 0.00000000e+00 
2023.400000 -4.06474985e+00 0.00000000e+00 
2023.450000 -4.76668564e+00 0.00000000e+00 
2023.500000 -5.00140441e+00 0.00000000e+00 
2023.550000 -4.74609106e+00 0.00000000e+00 
2023.600000 -4.02593245e+00 0.00000000e+00 
2023.650000 -2.91152810e+00 0.00000000e+00 
2023.700000 -1.51198739e+00 0.00000000e+00 
2023.750000 3.57344908e-02 0.00000000e+00 
2023.800000 1.58026348e+00 0.00000000e+00 
2023.850000 2.97056147e+00 0.00000000e+00 
2023.900000 4.07078050e+00 0.00000000e+00 
2023.950000 4.77335760e+00 0.00000000e+00 
2024.000000 5.00965069e+00 0.00000000e+00 
2024.050000 4.75680505e+00 0.00000000e+00 
2024.100000 4.03965262e+00 0.00000000e+00 
2024.150000 2.92843169e+00 0.00000000e+00 
2024.200000 1.53198712e+00 0.00000000e+00 
2024.250000 -1.31284697e-02 0.00000000e+00 
2024.300000 -1.55565839e+00 0.00000000e+00 
2024.350000 -2.94478740e+00 0.00000000e+00 
2024.400000 -4.04484873e+00 0.00000000e+00 
2024.450000 -4.74839869e+00 0.00000000e+00 
2024.500000 -4.98676268e+00 0.00000000e+00 
2024.550000 -4.73678767e+00 0.00000000e+00 
2024.600000 -4.02309356e+00 0.00000000e+00 
2024.650000 -2.91554065e+00 0.00000000e+00 
2024.700000 -1.52257135e+00 0.00000000e+00 
2024.750000 1.95358566e-02 0.00000000e+00 
2024.800000 1.56001916e+00 0.00000000e+00 
2024.850000 2.94825143e+00 0.00000000e+00 
2024.900000 4.04858409e+00 0.00000000e+00 
2024.950000 4.75357952e+00 0.00000000e+00 
2025.000000 4.99434389e+00 0.00000000e+00 
2025.050000 4.74741342e+00 0.00000000e+00 
2025.100000 4.03710279e+00 0.00000000e+00 
2025.150000 2.93300290e+00 0.00000000e+00 
2025.200000 1.54320613e+00 0.00000000e+00 
2025.250000 3.68708589e-03 0.00000000e+00 
2025.300000 -1.53506008e+00 0.00000000e+00 
2025.350000 -2.92263882e+00 0.00000000e+00 
2025.400000 -4.02342014e+00 0.00000000e+00 
2025.450000 -4.72986780e+00 0.00000000e+00 
2025.500000 -4.97295770e+00 0.00000000e+00 
2025.550000 -4.72899996e+00 0.00000000e+00 
2025.600000 -4.02202515e+00 0.00000000e+00 
2025.650000 -2.92128393e+00 0.00000000e+00 
2025.700000 -1.53447075e+00 0.00000000e+00 
2025.750000 2.79006213e-03 0.00000000e+00 
2025.800000 1.54013397e+00 0.00000000e+00 
2025.850000 2.92722327e+00 0.00000000e+00 
2025.900000 4.02843973e+00 0.00000000e+00 
2025.950000 4.73609608e+00 0.00000000e+00 
2026.000000 4.98113568e+00 0.00000000e+00 
2026.050000 4.73978947e+00 0.00000000e+00 
2026.100000 4.03568205e+00 0.00000000e+00 
2026.150000 2.93773580e+00 0.00000000e+00 
2026.200000 1.55343900e+00 0.00000000e+00 
2026.250000 1.81740237e-02 0.00000000e+00 
2026.300000 -1.51789136e+00 0.00000000e+00 
2026.350000 -2.90454027e+00 0.00000000e+00 
2026.400000 -4.00614235e+00 0.00000000e+00 
2026.450000 -4.71508587e+00 0.00000000e+00 
2026.500000 -4.96206462e+00 0.00000000e+00 
2026.550000 -4.72308828e+00 0.00000000e+00 
2026.600000 -4.02163787e+00 0.00000000e+00 
2026.650000 -2.92639771e+00 0.00000000e+00 
2026.700000 -1.54451923e+00 0.00000000e+00 
2026.750000 -1.11969543e-02 0.00000000e+00 
2026.800000 1.52357883e+00 0.00000000e+00 
2026.850000 2.90957441e+00 0.00000000e+00 
2026.900000 4.01134115e+00 0.00000000e+00 
2026.950000 4.72118394e+00 0.00000000e+00 
2027.000000 4.96970501e+00 0.00000000e+00 
2027.050000 4.73279096e+00 0.00000000e+00 
2027.100000 4.03368747e+00 0.00000000e+00 
2027.150000 2.94085951e+00 0.00000000e+00 
2027.200000 1.56126535e+00 0.00000000e+00 
2027.250000 2.99483459e-02 0.00000000e+00 
2027.300000 -1.50327512e+00 0.00000000e+00 
2027.350000 -2.88854858e+00 0.00000000e+00 
2027.400000 -3.99029551e+00 0.00000000e+00 
2027.450000 -4.70078749e+00 0.00000000e+00 
2027.500000 -4.95058708e+00 0.00000000e+00 
2027.550000 -4.71544835e+00 0.00000000e+00 
2027.600000 -4.01841433e+00 0.00000000e+00 
2027.650000 -2.92775833e+00 0.00000000e+00 
2027.700000 -1.55019766e+00 0.00000000e+00 
2027.750000 -2.06228155e-02 0.00000000e+00 
2027.800000 1.51141347e+00 0.00000000e+00 
2027.850000 2.89608515e+00 0.00000000e+00 
2027.900000 3.99800063e+00 0.00000000e+00 
2027.950000 4.70941559e+00 0.00000000e+00 
2028.000000 4.96070452e+00 0.00000000e+00 
2028.050000 4.72737875e+00 0.00000000e+00 
2028.100000 4.03231477e+00 0.00000000e+00 
2028.150000 2.94360602e+00 0.00000000e+00 
2028.200000 1.56787663e+00 0.00000000e+00 
2028.250000 3.96335124e-02 0.00000000e+00 
2028.300000 -1.49149789e+00 0.00000000e+00 
2028.350000 -2.87577592e+00 0.00000000e+00 
2028.400000 -3.97769117e+00 0.00000000e+00 
2028.450000 -4.68952334e+00 0.00000000e+00 
2028.500000 -4.94160961e+00 0.00000000e+00 
2028.550000 -4.70927535e+00 0.00000000e+00 
2028.600000 -4.01531841e+00 0.00000000e+00 
2028.650000 -2.92771958e+00 0.00000000e+00 
2028.700000 -1.55296197e+00 0.00000000e+00 
2028.750000 -2.55962594e-02 0.00000000e+00 
2028.800000 1.50490948e+00 0.00000000e+00 
2028.850000 2.88875467e+00 0.00000000e+00 
2028.900000 3.99061288e+00 0.00000000e+00 
2028.950000 4.70259241e+00 0.00000000e+00 
2029.000000 4.95504642e+00 0.00000000e+00 
2029.050000 4.72333759e+00 0.00000000e+00 
2029.100000 4.03016837e+00 0.00000000e+00 
2029.150000 2.94340359e+00 0.00000000e+00 
2029.200000 1.56944965e+00 0.00000000e+00 
2029.250000 4.27609512e-02 0.00000000e+00 
2029.300000 -1.48725152e+00 0.00000000e+00 
2029.350000 -2.87081002e+00 0.00000000e+00 
2029.400000 -3.97244097e+00 0.00000000e+00 
2029.450000 -4.68429939e+00 0.00000000e+00 
2029.500000 -4.93668472e+00 0.00000000e+00 
2029.550000 -4.70485027e+00 0.00000000e+00 
2029.600000 -4.01151958e+00 0.00000000e+00 
2029.650000 -2.92454090e+00 0.00000000e+00 
2029.700000 -1.55034387e+00 0.00000000e+00 
2029.750000 -2.34048524e-02 0.00000000e+00 
2029.800000 1.50677392e+00 0.00000000e+00 
2029.850000 2.89034772e+00 0.00000000e+00 
2029.900000 3.99187190e+00 0.00000000e+00 
2029.950000 4.70352236e+00 0.00000000e+00 
2030.000000 4.95563522e+00 0.00000000e+00 
2030.050000 4.72357928e+00 0.00000000e+00 
2030.100000 4.03005277e+00 0.00000000e+00 
2030.150000 2.94304373e+00 0.00000000e+00 
2030.200000 1.56885098e+00 0.00000000e+00 
2030.250000 4.20054586e-02 0.00000000e+00 
2030.300000 -1.48811837e+00 0.00000000e+00 
2030.350000 -2.87157421e+00 0.00000000e+00 
2030.400000 -3.97293076e+00 0.00000000e+00 
2030.450000 -4.68437344e+00 0.00000000e+00 
2030.500000 -4.93622525e+00 0.00000000e+00 
2030.550000 -4.70378369e+00 0.00000000e+00 
2030.600000 -4.00975467e+00 0.00000000e+00 
2030.650000 -2.92213311e+00 0.00000000e+00 
2030.700000 -1.54735361e+00 0.00000000e+00 
2030.750000 -2.00809622e-02 0.00000000e+00 
2030.800000 1.51017539e+00 0.00000000e+00 
2030.850000 2.89356363e+00 0.00000000e+00 
2030.900000 3.99461145e+00 0.00000000e+00 
2030.950000 4.70561707e+00 0.00000000e+00 
2031.000000 4.95707861e+00 0.00000000e+00 
2031.050000 4.72432856e+00 0.00000000e+00 
2031.100000 4.03014608e+00 0.00000000e+00 
2031.150000 2.94258292e+00 0.00000000e+00 
2031.200000 1.56807337e+00 0.00000000e+00 
2031.250000 4.13084576e-02 0.00000000e+00 
2031.300000 -1.48832708e+00 0.00000000e+00 
2031.350000 -2.87103424e+00 0.00000000e+00 
2031.400000 -3.97139133e+00 0.00000000e+00 
2031.450000 -4.68161665e+00 0.00000000e+00 
2031.500000 -4.93221620e+00 0.00000000e+00 
2031.550000 -4.69873806e+00 0.00000000e+00 
2031.600000 -4.00411517e+00 0.00000000e+00 
2031.650000 -2.91641833e+00 0.00000000e+00 
2031.700000 -1.54217961e+00 0.00000000e+00 
2031.750000 -1.59254698e-02 0.00000000e+00 
2031.800000 1.51289138e+00 0.00000000e+00 
2031.850000 2.89462388e+00 0.00000000e+00 
2031.900000 3.99391693e+00 0.00000000e+00 
2031.950000 4.70325365e+00 0.00000000e+00 
2032.000000 4.95330623e+00 0.00000000e+00 
2032.050000 4.71961363e+00 0.00000000e+00 
2032.100000 4.02513234e+00 0.00000000e+00 
2032.150000 2.93790940e+00 0.00000000e+00 
2032.200000 1.56441204e+00 0.00000000e+00 
2032.250000 3.91688300e-02 0.00000000e+00 
2032.300000 -1.48851721e+00 0.00000000e+00 
2032.350000 -2.86914567e+00 0.00000000e+00 
2032.400000 -3.96756546e+00 0.00000000e+00 
2032.450000 -4.67619056e+00 0.00000000e+00 
2032.500000 -4.92573160e+00 0.00000000e+00 
2032.550000 -4.69188182e+00 0.00000000e+00 
2032.600000 -3.99767319e+00 0.00000000e+00 
2032.650000 -2.91108786e+00 0.00000000e+00 
2032.700000 -1.53855711e+00 0.00000000e+00 
2032.750000 -1.44794028e-02 0.00000000e+00 
2032.800000 1.51191077e+00 0.00000000e+00 
2032.850000 2.89123398e+00 0.00000000e+00 
2032.900000 3.98849751e+00 0.00000000e+00 
2032.950000 4.69644981e+00 0.00000000e+00 
2033.000000 4.94580546e+00 0.00000000e+00 
2033.050000 4.71220764e+00 0.00000000e+00 
2033.100000 4.01861464e+00 0.00000000e+00 
2033.150000 2.93293151e+00 0.00000000e+00 
2033.200000 1.56150647e+00 0.00000000e+00 
2033.250000 3.85645165e-02 0.00000000e+00 
2033.300000 -1.48676935e+00 0.00000000e+00 
2033.350000 -2.86524297e+00 0.00000000e+00 
2033.400000 -3.96191019e+00 0.00000000e+00 
2033.450000 -4.66944008e+00 0.00000000e+00 
2033.500000 -4.91862327e+00 0.00000000e+00 
2033.550000 -4.68503401e+00 0.00000000e+00 
2033.600000 -3.99163092e+00 0.00000000e+00 
2033.650000 -2.90626899e+00 0.00000000e+00 
2033.700000 -1.53534716e+00 0.00000000e+00 
2033.750000 -1.29882129e-02 0.00000000e+00 
2033.800000 1.51170410e+00 0.00000000e+00 
2033.850000 2.88939955e+00 0.00000000e+00 
2033.900000 3.98524771e+00 0.00000000e+00 
2033.950000 4.69195197e+00 0.00000000e+00 
2034.000000 4.94031560e+00 0.00000000e+00 
2034.050000 4.70607477e+00 0.00000000e+00 
2034.100000 4.01216896e+00 0.00000000e+00 
2034.150000 2.92649184e+00 0.00000000e+00 
2034.200000 1.55539046e+00 0.00000000e+00 
2034.250000 3.30890574e-02 0.00000000e+00 
2034.300000 -1.49126324e+00 0.00000000e+00 
2034.350000 -2.86845213e+00 0.00000000e+00 
2034.400000 -3.96364714e+00 0.00000000e+00 
2034.450000 -4.66960250e+00 0.00000000e+00 
2034.500000 -4.91724452e+00 0.00000000e+00 
2034.550000 -4.68227358e+00 0.00000000e+00 
2034.600000 -3.98775242e+00 0.00000000e+00 
2034.650000 -2.90169956e+00 0.00000000e+00 
2034.700000 -1.53047966e+00 0.00000000e+00 
2034.750000 -8.34088103e-03 0.00000000e+00 
2034.800000 1.51564936e+00 0.00000000e+00 
2034.850000 2.89221599e+00 0.00000000e+00 
2034.900000 3.98656312e+00 0.00000000e+00 
2034.950000 4.69150023e+00 0.00000000e+00 
2035.000000 4.93799554e+00 0.00000000e+00 
2035.050000 4.70187978e+00 0.00000000e+00 
2035.100000 4.00633277e+00 0.00000000e+00 
2035.150000 2.91955014e+00 0.00000000e+00 
2035.200000 1.54787361e+00 0.00000000e+00 
2035.250000 2.56716567e-02 0.00000000e+00 
2035.300000 -1.49789284e+00 0.00000000e+00 
2035.350000 -2.87365612e+00 0.00000000e+00 
2035.400000 -3.96690113e+00 0.00000000e+00 
2035.450000 -4.67062250e+00 0.00000000e+00 
2035.500000 -4.91586789e+00 0.00000000e+00 
2035.550000 -4.67876490e+00 0.00000000e+00 
2035.600000 -3.98259228e+00 0.00000000e+00 
2035.650000 -2.89557989e+00 0.00000000e+00 
2035.700000 -1.52424166e+00 0.00000000e+00 
2035.750000 -2.83142381e-03 0.00000000e+00 
2035.800000 1.51966889e+00 0.00000000e+00 
2035.850000 2.89420131e+00 0.00000000e+00 
2035.900000 3.98622299e+00 0.00000000e+00 
2035.950000 4.68879801e+00 0.00000000e+00 
2036.000000 4.93316712e+00 0.00000000e+00 
2036.050000 4.69545450e+00 0.00000000e+00 
2036.100000 3.99896861e+00 0.00000000e+00 
2036.150000 2.91195373e+00 0.00000000e+00 
2036.200000 1.54084993e+00 0.00000000e+00 
2036.250000 3.72253487e-02 0.00000000e+00 
2036.300000 -1.46862970e+00 0.00000000e+00 
2036.350000 -2.82933676e+00 0.00000000e+00 
2036.400000 -3.91181818e+00 0.00000000e+00 
2036.450000 -4.61013593e+00 0.00000000e+00 
2036.500000 -4.85607291e+00 0.00000000e+00 
2036.550000 -4.62564034e+00 0.00000000e+00 
2036.600000 -3.94152866e+00 0.00000000e+00 
2036.650000 -2.87077359e+00 0.00000000e+00 
2036.700000 -1.51825445e+00 0.00000000e+00 
2036.750000 -1.63770638e-02 0.00000000e+00 
2036.800000 1.48782229e+00 0.00000000e+00 
2036.850000 2.84713598e+00 0.00000000e+00 
2036.900000 3.92854076e+00 0.00000000e+00 
2036.950000 4.62614097e+00 0.00000000e+00 
2037.000000 4.87176671e+00 0.00000000e+00 
2037.050000 4.64142559e+00 0.00000000e+00 
2037.100000 3.95766153e+00 0.00000000e+00 
2037.150000 2.88737758e+00 0.00000000e+00 
2037.200000 1.53538687e+00 0.00000000e+00 
2037.250000 3.41433790e-02 0.00000000e+00 
2037.300000 -1.46947825e+00 0.00000000e+00 
2037.350000 -2.82831319e+00 0.00000000e+00 
2037.400000 -3.90938021e+00 0.00000000e+00 
2037.450000 -4.60684762e+00 0.00000000e+00 
2037.500000 -4.85247371e+00 0.00000000e+00 
2037.550000 -4.62224082e+00 0.00000000e+00 
2037.600000 -3.93865774e+00 0.00000000e+00 
2037.650000 -2.86870760e+00 0.00000000e+00 
2037.700000 -1.51714554e+00 0.00000000e+00 
2037.750000 -1.63670048e-02 0.00000000e+00 
2037.800000 1.48662695e+00 0.00000000e+00 
2037.850000 2.84477061e+00 0.00000000e+00 
2037.900000 3.92496943e+00 0.00000000e+00 
2037.950000 4.62150235e+00 0.00000000e+00 
2038.000000 4.86616790e+00 0.00000000e+00 
2038.050000 4.63499236e+00 0.00000000e+00 
2038.100000 3.95061088e+00 0.00000000e+00 
2038.150000 2.88001820e+00 0.00000000e+00 
2038.200000 1.52803983e+00 0.00000000e+00 
2038.250000 2.70654232e-02 0.00000000e+00 
2038.300000 -1.47592993e+00 0.00000000e+00 
2038.350000 -2.83375395e+00 0.00000000e+00 
2038.400000 -3.91348850e+00 0.00000000e+00 
2038.450000 -4.60947621e+00 0.00000000e+00 
2038.500000 -4.85359494e+00 0.00000000e+00 
2038.550000 -4.62194714e+00 0.00000000e+00 
2038.600000 -3.93715981e+00 0.00000000e+00 
2038.650000 -2.86623253e+00 0.00000000e+00 
2038.700000 -1.51404091e+00 0.00000000e+00 
2038.750000 -1.30377542e-02 0.00000000e+00 
2038.800000 1.48970502e+00 0.00000000e+00 
2038.850000 2.84701154e+00 0.00000000e+00 
2038.900000 3.92587277e+00 0.00000000e+00 
2038.950000 4.62065379e+00 0.00000000e+00 
2039.000000 4.86332669e+00 0.00000000e+00 
2039.050000 4.62999930e+00 0.00000000e+00 
2039.100000 3.94350054e+00 0.00000000e+00 
2039.150000 2.87111302e+00 0.00000000e+00 
2039.200000 1.51782302e+00 0.00000000e+00 
2039.250000 1.62929448e-02 0.00000000e+00 
2039.300000 -1.48652092e+00 0.00000000e+00 
2039.350000 -2.84344091e+00 0.00000000e+00 
2039.400000 -3.92146482e+00 0.00000000e+00 
2039.450000 -4.61498099e+00 0.00000000e+00 
2039.500000 -4.85603118e+00 0.00000000e+00 
2039.550000 -4.62103399e+00 0.00000000e+00 
2039.600000 -3.93300405e+00 0.00000000e+00 
2039.650000 -2.85941139e+00 0.00000000e+00 
2039.700000 -1.50544936e+00 0.00000000e+00 
2039.750000 -3.77957466e-03 0.00000000e+00 
2039.800000 1.49839051e+00 0.00000000e+00 
2039.850000 2.85393938e+00 0.00000000e+00 
2039.900000 3.93004267e+00 0.00000000e+00 
2039.950000 4.62124641e+00 0.00000000e+00 
2040.000000 4.85985672e+00 0.00000000e+00 
2040.050000 4.62256758e+00 0.00000000e+00 
2040.100000 3.93262922e+00 0.00000000e+00 
2040.150000 2.85761570e+00 0.00000000e+00 
2040.200000 1.50274060e+00 0.00000000e+00 
2040.250000 7.26420012e-04 0.00000000e+00 
2040.300000 -1.50121140e+00 0.00000000e+00 
2040.350000 -2.85599215e+00 0.00000000e+00 
2040.400000 -3.93088488e+00 0.00000000e+00 
2040.450000 -4.62059455e+00 0.00000000e+00 
2040.500000 -4.85759315e+00 0.00000000e+00 
2040.550000 -4.61876259e+00 0.00000000e+00 
2040.600000 -3.92744524e+00 0.00000000e+00 
2040.650000 -2.85146811e+00 0.00000000e+00 
2040.700000 -1.49627469e+00 0.00000000e+00 
2040.750000 5.34618271e-03 0.00000000e+00 
2040.800000 1.50623831e+00 0.00000000e+00 
2040.850000 2.85938711e+00 0.00000000e+00 
2040.900000 3.93220409e+00 0.00000000e+00 
2040.950000 4.61964342e+00 0.00000000e+00 
2041.000000 4.85433579e+00 0.00000000e+00 
2041.050000 4.61320993e+00 0.00000000e+00 
2041.100000 3.91995270e+00 0.00000000e+00 
2041.150000 2.84252619e+00 0.00000000e+00 
2041.200000 1.48646362e+00 0.00000000e+00 
2041.250000 -1.52722941e-02 0.00000000e+00 
2041.300000 -1.51555394e+00 0.00000000e+00 
2041.350000 -2.86744835e+00 0.00000000e+00 
2041.400000 -3.93859914e+00 0.00000000e+00 
2041.450000 -4.62409068e+00 0.00000000e+00 
2041.500000 -4.85690859e+00 0.00000000e+00 
2041.550000 -4.61422224e+00 0.00000000e+00 
2041.600000 -3.91985742e+00 0.00000000e+00 
2041.650000 -2.84187903e+00 0.00000000e+00 
2041.700000 -1.48597908e+00 0.00000000e+00 
2041.750000 1.50022318e-02 0.00000000e+00 
2041.800000 1.51398678e+00 0.00000000e+00 
2041.850000 2.86423690e+00 0.00000000e+00 
2041.900000 3.93333720e+00 0.00000000e+00 
2041.950000 4.61659104e+00 0.00000000e+00 
2042.000000 4.84713134e+00 0.00000000e+00 
2042.050000 4.60230374e+00 0.00000000e+00 
2042.100000 3.90612690e+00 0.00000000e+00 
2042.150000 2.82682845e+00 0.00000000e+00 
2042.200000 1.47017358e+00 0.00000000e+00 
2042.250000 -3.10144131e-02 0.00000000e+00 
2042.300000 -1.52965053e+00 0.00000000e+00 
2042.350000 -2.87880808e+00 0.00000000e+00 
2042.400000 -3.94645160e+00 0.00000000e+00 
2042.450000 -4.62813460e+00 0.00000000e+00 
2042.500000 -4.85715861e+00 0.00000000e+00 
2042.550000 -4.61106207e+00 0.00000000e+00 
2042.600000 -3.91410825e+00 0.00000000e+00 
2042.650000 -2.83466929e+00 0.00000000e+00 
2042.700000 -1.47865982e+00 0.00000000e+00 
2042.750000 2.11628714e-02 0.00000000e+00 
2042.800000 1.51771033e+00 0.00000000e+00 
2042.850000 2.86438186e+00 0.00000000e+00 
2042.900000 3.92918837e+00 0.00000000e+00 
2042.950000 4.60793654e+00 0.00000000e+00 
2043.000000 4.83414236e+00 0.00000000e+00 
2043.050000 4.58577798e+00 0.00000000e+00 
2043.100000 3.88717522e+00 0.00000000e+00 
2043.150000 2.80679093e+00 0.00000000e+00 
2043.200000 1.45051003e+00 0.00000000e+00 
2043.250000 -4.86727912e-02 0.00000000e+00 
2043.300000 -1.54401928e+00 0.00000000e+00 
2043.350000 -2.88900760e+00 0.00000000e+00 
2043.400000 -3.95204304e+00 0.00000000e+00 
2043.450000 -4.62900665e+00 0.00000000e+00 
2043.500000 -4.85380903e+00 0.00000000e+00 
2043.550000 -4.60463349e+00 0.00000000e+00 
2043.600000 -3.90610502e+00 0.00000000e+00 
2043.650000 -2.82669316e+00 0.00000000e+00 
2043.700000 -1.47229140e+00 0.00000000e+00 
2043.750000 2.44346059e-02 0.00000000e+00 
2043.800000 1.51684371e+00 0.00000000e+00 
2043.850000 2.85884701e+00 0.00000000e+00 
2043.900000 3.91890410e+00 0.00000000e+00 
2043.950000 4.59346856e+00 0.00000000e+00 
2044.000000 4.81655359e+00 0.00000000e+00 
2044.050000 4.56640073e+00 0.00000000e+00 
2044.100000 3.86764405e+00 0.00000000e+00 
2044.150000 2.78876666e+00 0.00000000e+00 
2044.200000 1.43546773e+00 0.00000000e+00 
2044.250000 -5.96356016e-02 0.00000000e+00 
2044.300000 -1.55010920e+00 0.00000000e+00 
2044.350000 -2.89018036e+00 0.00000000e+00 
2044.400000 -3.94882884e+00 0.00000000e+00 
2044.450000 -4.62256439e+00 0.00000000e+00 
2044.500000 -4.84565471e+00 0.00000000e+00 
2044.550000 -4.59661874e+00 0.00000000e+00 
2044.600000 -3.89984395e+00 0.00000000e+00 
2044.650000 -2.82383713e+00 0.00000000e+00 
2044.700000 -1.47397241e+00 0.00000000e+00 
2044.750000 1.74528511e-02 0.00000000e+00 
2044.800000 1.50442149e+00 0.00000000e+00 
2044.850000 2.84141040e+00 0.00000000e+00 
2044.900000 3.89754261e+00 0.00000000e+00 
2044.950000 4.56953848e+00 0.00000000e+00 
2045.000000 4.79183668e+00 0.00000000e+00 
2045.050000 4.54272168e+00 0.00000000e+00 
2045.100000 3.84678321e+00 0.00000000e+00 
2045.150000 2.77211193e+00 0.00000000e+00 
2045.200000 1.42426754e+00 0.00000000e+00 
2045.250000 -6.46157672e-02 0.00000000e+00 
2045.300000 -1.54868166e+00 0.00000000e+00 
2045.350000 -2.88294038e+00 0.00000000e+00 
2045.400000 -3.93697970e+00 0.00000000e+00 
2045.450000 -4.60774088e+00 0.00000000e+00 
2045.500000 -4.82990402e+00 0.00000000e+00 
2045.550000 -4.58202968e+00 0.00000000e+00 
2045.600000 -3.88872553e+00 0.00000000e+00 
2045.650000 -2.81812065e+00 0.00000000e+00 
2045.700000 -1.47516164e+00 0.00000000e+00 
2045.750000 8.63391536e-03 0.00000000e+00 
2045.800000 1.48790806e+00 0.00000000e+00 
2045.850000 2.81806384e+00 0.00000000e+00 
2045.900000 3.86889778e+00 0.00000000e+00 
2045.950000 4.53771497e+00 0.00000000e+00 
2046.000000 4.75909069e+00 0.00000000e+00 
2046.050000 4.51185710e+00 0.00000000e+00 
2046.100000 3.82048879e+00 0.00000000e+00 
2046.150000 2.75287026e+00 0.00000000e+00 
2046.200000 1.41371542e+00 0.00000000e+00 
2046.250000 -6.58801339e-02 0.00000000e+00 
2046.300000 -1.54076298e+00 0.00000000e+00 
2046.350000 -2.86676727e+00 0.00000000e+00 
2046.400000 -3.91442164e+00 0.00000000e+00 
2046.450000 -4.58172323e+00 0.00000000e+00 
2046.500000 -4.80369363e+00 0.00000000e+00 
2046.550000 -4.55885750e+00 0.00000000e+00 
2046.600000 -3.87151038e+00 0.00000000e+00 
2046.650000 -2.80915058e+00 0.00000000e+00 
2046.700000 -1.47598741e+00 0.00000000e+00 
2046.750000 -2.80903218e-03 0.00000000e+00 
2046.800000 1.46640610e+00 0.00000000e+00 
2046.850000 2.78779361e+00 0.00000000e+00 
2046.900000 3.83261060e+00 0.00000000e+00 
2046.950000 4.49880027e+00 0.00000000e+00 
2047.000000 4.72144765e+00 0.00000000e+00 
2047.050000 4.47917055e+00 0.00000000e+00 
2047.100000 3.79604681e+00 0.00000000e+00 
2047.150000 2.73938852e+00 0.00000000e+00 
2047.200000 1.41287599e+00 0.00000000e+00 
2047.250000 -5.35989942e-02 0.00000000e+00 
2047.300000 -1.51662390e+00 0.00000000e+00 
2047.350000 -2.83310010e+00 0.00000000e+00 
2047.400000 -3.87456111e+00 0.00000000e+00 
2047.450000 -4.53969757e+00 0.00000000e+00 
2047.500000 -4.76386075e+00 0.00000000e+00 
2047.550000 -4.52551186e+00 0.00000000e+00 
2047.600000 -3.84821454e+00 0.00000000e+00 
2047.650000 -2.79863411e+00 0.00000000e+00 
2047.700000 -1.47957597e+00 0.00000000e+00 
2047.750000 -2.01607219e-02 0.00000000e+00 
2047.800000 1.43707360e+00 0.00000000e+00 
2047.850000 2.74964499e+00 0.00000000e+00 
2047.900000 3.78941823e+00 0.00000000e+00 
2047.950000 4.45492684e+00 0.00000000e+00 
2048.000000 4.68160063e+00 0.00000000e+00 
2048.050000 4.44790038e+00 0.00000000e+00 
2048.100000 3.77724731e+00 0.00000000e+00 
2048.150000 2.73597514e+00 0.00000000e+00 
2048.200000 1.42633166e+00 0.00000000e+00 
2048.250000 -2.32197327e-02 0.00000000e+00 
2048.300000 -1.47092168e+00 0.00000000e+00 
2048.350000 -2.77524240e+00 0.00000000e+00 
2048.400000 -3.80891710e+00 0.00000000e+00 
2048.450000 -4.47162931e+00 0.00000000e+00 
2048.500000 -4.69916095e+00 0.00000000e+00 
2048.550000 -4.47031384e+00 0.00000000e+00 
2048.600000 -3.80807142e+00 0.00000000e+00 
2048.650000 -2.77826261e+00 0.00000000e+00 
2048.700000 -1.48182496e+00 0.00000000e+00 
2048.750000 -4.65433238e-02 0.00000000e+00 
2048.800000 1.38749297e+00 0.00000000e+00 
2048.850000 2.68063305e+00 0.00000000e+00 
2048.900000 3.70718494e+00 0.00000000e+00 
2048.950000 4.36771057e+00 0.00000000e+00 
2049.000000 4.59898162e+00 0.00000000e+00 
2049.050000 4.37971289e+00 0.00000000e+00 
2049.100000 3.73301019e+00 0.00000000e+00 
2049.150000 2.72389161e+00 0.00000000e+00 
2049.200000 1.45196971e+00 0.00000000e+00 
2049.250000 4.31652688e-02 0.00000000e+00 
2049.300000 -1.36493356e+00 0.00000000e+00 
2049.350000 -2.63477054e+00 0.00000000e+00 
2049.400000 -3.64303345e+00 0.00000000e+00 
2049.450000 -4.29314174e+00 0.00000000e+00 
2049.500000 -4.52331538e+00 0.00000000e+00 
2049.550000 -4.31426423e+00 0.00000000e+00 
2049.600000 -3.68865901e+00 0.00000000e+00 
2049.650000 -2.71035313e+00 0.00000000e+00 
2049.700000 -1.47730300e+00 0.00000000e+00 
2049.750000 -1.11741313e-01 0.00000000e+00 
2049.800000 1.25187169e+00 0.00000000e+00 
2049.850000 2.48090760e+00 0.00000000e+00 
2049.900000 3.45706539e+00 0.00000000e+00 
2049.950000 4.08851083e+00 0.00000000e+00 
2050.000000 4.31814904e+00 0.00000000e+00 
2050.050000 4.12916101e+00 0.00000000e+00 
2050.100000 3.54582475e+00 0.00000000e+00 
2050.150000 2.63026798e+00 0.00000000e+00 
2050.200000 1.47844987e+00 0.00000000e+00 
2050.250000 2.07491728e-01 0.00000000e+00 
2050.300000 -1.05621351e+00 0.00000000e+00 
2050.350000 -2.18945037e+00 0.00000000e+00 
2050.400000 -3.08334235e+00 0.00000000e+00 
2050.450000 -3.65709351e+00 0.00000000e+00 
2050.500000 -3.86523793e+00 0.00000000e+00 
2050.550000 -3.70127837e+00 0.00000000e+00 
2050.600000 -3.19949890e+00 0.00000000e+00 
2050.650000 -2.43046089e+00 0.00000000e+00 
2050.700000 -1.49492849e+00 0.00000000e+00 
2050.750000 -5.13258147e-01 0.00000000e+00 
2050.800000 3.89138963e-01 0.00000000e+00 
2050.850000 1.09210444e+00 0.00000000e+00 
2050.900000 1.49411169e+00 0.00000000e+00 
2050.950000 1.52585122e+00 0.00000000e+00 
2051.000000 1.15824221e+00 0.00000000e+00 
2051.050000 4.01736630e-01 0.00000000e+00 
2051.100000 -6.91547284e-01 0.00000000e+00 
2051.150000 -2.03228514e+00 0.00000000e+00 
