2000.000000 -1.85680600e+01 0.00000000e+00 
2000.050000 -1.82727536e+01 0.00000000e+00 
2000.100000 -1.79916424e+01 0.00000000e+00 
2000.150000 -1.77480354e+01 0.00000000e+00 
2000.200000 -1.75373665e+01 0.00000000e+00 
2000.250000 -1.73767320e+01 0.00000000e+00 
2000.300000 -1.72827471e+01 0.00000000e+00 
2000.350000 -1.72594201e+01 0.00000000e+00 
2000.400000 -1.72851460e+01 0.00000000e+00 
2000.450000 -1.73514690e+01 0.00000000e+00 
2000.500000 -1.74649118e+01 0.00000000e+00 
2000.550000 -1.76079720e+01 0.00000000e+00 
2000.600000 -1.77703082e+01 0.00000000e+00 
2000.650000 -1.79357588e+01 0.00000000e+00 
2000.700000 -1.80871746e+01 0.00000000e+00 
2000.750000 -1.82142039e+01 0.00000000e+00 
2000.800000 -1.83069089e+01 0.00000000e+00 
2000.850000 -1.83637362e+01 0.00000000e+00 
2000.900000 -1.83823682e+01 0.00000000e+00 
2000.950000 -1.83610180e+01 0.00000000e+00 
2001.000000 -1.82972374e+01 0.00000000e+00 
2001.050000 -1.82044431e+01 0.00000000e+00 
2001.100000 -1.80864752e+01 0.00000000e+00 
2001.150000 -1.79511874e+01 0.00000000e+00 
2001.200000 -1.78031105e+01 0.00000000e+00 
2001.250000 -1.76560171e+01 0.00000000e+00 
2001.300000 -1.75163131e+01 0.00000000e+00 
2001.350000 -1.73889039e+01 0.00000000e+00 
2001.400000 -1.72753848e+01 0.00000000e+00 
2001.450000 -1.71773980e+01 0.00000000e+00 
2001.500000 -1.70950471e+01 0.00000000e+00 
2001.550000 -1.70297460e+01 0.00000000e+00 
2001.600000 -1.69729138e+01 0.00000000e+00 
2001.650000 -1.69215625e+01 0.00000000e+00 
2001.700000 -1.68691651e+01 0.00000000e+00 
2001.750000 -1.68127300e+01 0.00000000e+00 
2001.800000 -1.67465716e+01 0.00000000e+00 
2001.850000 -1.66670316e+01 0.00000000e+00 
2001.900000 -1.65722526e+01 0.00000000e+00 
2001.950000 -1.64604950e+01 0.00000000e+00 
2002.000000 -1.63325718e+01 0.00000000e+00 
2002.050000 -1.61865901e+01 0.00000000e+00 
2002.100000 -1.60275206e+01 0.00000000e+00 
2002.150000 -1.58597890e+01 0.00000000e+00 
2002.200000 -1.56871388e+01 0.00000000e+00 
2002.250000 -1.55142979e+01 0.00000000e+00 
2002.300000 -1.53460590e+01 0.00000000e+00 
2002.350000 -1.51841643e+01 0.00000000e+00 
2002.400000 -1.50284540e+01 0.00000000e+00 
2002.450000 -1.48807128e+01 0.00000000e+00 
2002.500000 -1.47416681e+01 0.00000000e+00 
2002.550000 -1.46101351e+01 0.00000000e+00 
2002.600000 -1.44848111e+01 0.00000000e+00 
2002.650000 -1.43646069e+01 0.00000000e+00 
2002.700000 -1.42448795e+01 0.00000000e+00 
2002.750000 -1.41226671e+01 0.00000000e+00 
2002.800000 -1.39956841e+01 0.00000000e+00 
2002.850000 -1.38622005e+01 0.00000000e+00 
2002.900000 -1.37203508e+01 0.00000000e+00 
2002.950000 -1.35687160e+01 0.00000000e+00 
2003.000000 -1.34069226e+01 0.00000000e+00 
2003.050000 -1.32367857e+01 0.00000000e+00 
2003.100000 -1.30597938e+01 0.00000000e+00 
2003.150000 -1.28778298e+01 0.00000000e+00 
2003.200000 -1.26952713e+01 0.00000000e+00 
2003.250000 -1.25121734e+01 0.00000000e+00 
2003.300000 -1.23313380e+01 0.00000000e+00 
2003.350000 -1.21544096e+01 0.00000000e+00 
2003.400000 -1.19835629e+01 0.00000000e+00 
2003.450000 -1.18190118e+01 0.00000000e+00 
2003.500000 -1.16620261e+01 0.00000000e+00 
2003.550000 -1.15127743e+01 0.00000000e+00 
2003.600000 -1.13688063e+01 0.00000000e+00 
2003.650000 -1.12284206e+01 0.00000000e+00 
2003.700000 -1.10894429e+01 0.00000000e+00 
2003.750000 -1.09499514e+01 0.00000000e+00 
2003.800000 -1.08073569e+01 0.00000000e+00 
2003.850000 -1.06609218e+01 0.00000000e+00 
2003.900000 -1.05092908e+01 0.00000000e+00 
2003.950000 -1.03530574e+01 0.00000000e+00 
2004.000000 -1.01917789e+01 0.00000000e+00 
2004.050000 -1.00257051e+01 0.00000000e+00 
2004.100000 -9.85676757e+00 0.00000000e+00 
2004.150000 -9.68469716e+00 0.00000000e+00 
2004.200000 -9.51219155e+00 0.00000000e+00 
2004.250000 -9.34037418e+00 0.00000000e+00 
2004.300000 -9.17137757e+00 0.00000000e+00 
2004.350000 -9.00675072e+00 0.00000000e+00 
2004.400000 -8.84804881e+00 0.00000000e+00 
2004.450000 -8.69494872e+00 0.00000000e+00 
2004.500000 -8.54820656e+00 0.00000000e+00 
2004.550000 -8.40784424e+00 0.00000000e+00 
2004.600000 -8.27190845e+00 0.00000000e+00 
2004.650000 -8.13950089e+00 0.00000000e+00 
2004.700000 -8.00959915e+00 0.00000000e+00 
2004.750000 -7.88095970e+00 0.00000000e+00 
2004.800000 -7.75232651e+00 0.00000000e+00 
2004.850000 -7.62207197e+00 0.00000000e+00 
2004.900000 -7.48993713e+00 0.00000000e+00 
2004.950000 -7.35566855e+00 0.00000000e+00 
2005.000000 -7.21895542e+00 0.00000000e+00 
2005.050000 -7.07979469e+00 0.00000000e+00 
2005.100000 -6.93977161e+00 0.00000000e+00 
2005.150000 -6.79985509e+00 0.00000000e+00 
2005.200000 -6.66070029e+00 0.00000000e+00 
2005.250000 -6.52361110e+00 0.00000000e+00 
2005.300000 -6.38985579e+00 0.00000000e+00 
2005.350000 -6.26011566e+00 0.00000000e+00 
2005.400000 -6.13500977e+00 0.00000000e+00 
2005.450000 -6.01596202e+00 0.00000000e+00 
2005.500000 -5.90238438e+00 0.00000000e+00 
2005.550000 -5.79309258e+00 0.00000000e+00 
2005.600000 -5.68793585e+00 0.00000000e+00 
2005.650000 -5.58690223e+00 0.00000000e+00 
2005.700000 -5.48834768e+00 0.00000000e+00 
2005.750000 -5.39217235e+00 0.00000000e+00 
2005.800000 -5.29647022e+00 0.00000000e+00 
2005.850000 -5.20063397e+00 0.00000000e+00 
2005.900000 -5.10387307e+00 0.00000000e+00 
2005.950000 -5.00678334e+00 0.00000000e+00 
2006.000000 -4.90886592e+00 0.00000000e+00 
2006.050000 -4.81070708e+00 0.00000000e+00 
2006.100000 -4.71192656e+00 0.00000000e+00 
2006.150000 -4.61373928e+00 0.00000000e+00 
2006.200000 -4.51749276e+00 0.00000000e+00 
2006.250000 -4.42331723e+00 0.00000000e+00 
2006.300000 -4.33250133e+00 0.00000000e+00 
2006.350000 -4.24575946e+00 0.00000000e+00 
2006.400000 -4.16391838e+00 0.00000000e+00 
2006.450000 -4.08681072e+00 0.00000000e+00 
2006.500000 -4.01441323e+00 0.00000000e+00 
2006.550000 -3.94592080e+00 0.00000000e+00 
2006.600000 -3.88066348e+00 0.00000000e+00 
2006.650000 -3.81836966e+00 0.00000000e+00 
2006.700000 -3.75781347e+00 0.00000000e+00 
2006.750000 -3.69912385e+00 0.00000000e+00 
2006.800000 -3.64141083e+00 0.00000000e+00 
2006.850000 -3.58427468e+00 0.00000000e+00 
2006.900000 -3.52747868e+00 0.00000000e+00 
2006.950000 -3.47017442e+00 0.00000000e+00 
2007.000000 -3.41236924e+00 0.00000000e+00 
2007.050000 -3.35469131e+00 0.00000000e+00 
2007.100000 -3.29773791e+00 0.00000000e+00 
2007.150000 -3.24189476e+00 0.00000000e+00 
2007.200000 -3.18772190e+00 0.00000000e+00 
2007.250000 -3.13601401e+00 0.00000000e+00 
2007.300000 -3.08686318e+00 0.00000000e+00 
2007.350000 -3.04098399e+00 0.00000000e+00 
2007.400000 -2.99809199e+00 0.00000000e+00 
2007.450000 -2.95864450e+00 0.00000000e+00 
2007.500000 -2.92184546e+00 0.00000000e+00 
2007.550000 -2.88820933e+00 0.00000000e+00 
2007.600000 -2.85635315e+00 0.00000000e+00 
2007.650000 -2.82639502e+00 0.00000000e+00 
2007.700000 -2.79747273e+00 0.00000000e+00 
2007.750000 -2.76891596e+00 0.00000000e+00 
2007.800000 -2.74065574e+00 0.00000000e+00 
2007.850000 -2.71231129e+00 0.00000000e+00 
2007.900000 -2.68381550e+00 0.00000000e+00 
2007.950000 -2.65477629e+00 0.00000000e+00 
2008.000000 -2.62540181e+00 0.00000000e+00 
2008.050000 -2.59564447e+00 0.00000000e+00 
2008.100000 -2.56638538e+00 0.00000000e+00 
2008.150000 -2.53781618e+00 0.00000000e+00 
2008.200000 -2.50999684e+00 0.00000000e+00 
2008.250000 -2.48344096e+00 0.00000000e+00 
2008.300000 -2.45896573e+00 0.00000000e+00 
2008.350000 -2.43608105e+00 0.00000000e+00 
2008.400000 -2.41525197e+00 0.00000000e+00 
2008.450000 -2.39589144e+00 0.00000000e+00 
2008.500000 -2.37792564e+00 0.00000000e+00 
2008.550000 -2.36152907e+00 0.00000000e+00 
2008.600000 -2.34637079e+00 0.00000000e+00 
2008.650000 -2.33217132e+00 0.00000000e+00 
2008.700000 -2.31796706e+00 0.00000000e+00 
2008.750000 -2.30381702e+00 0.00000000e+00 
2008.800000 -2.28922190e+00 0.00000000e+00 
2008.850000 -2.27381777e+00 0.00000000e+00 
2008.900000 -2.25793488e+00 0.00000000e+00 
2008.950000 -2.24148003e+00 0.00000000e+00 
2009.000000 -2.22355008e+00 0.00000000e+00 
2009.050000 -2.20495532e+00 0.00000000e+00 
2009.100000 -2.18576384e+00 0.00000000e+00 
2009.150000 -2.16643423e+00 0.00000000e+00 
2009.200000 -2.14706659e+00 0.00000000e+00 
2009.250000 -2.12865236e+00 0.00000000e+00 
2009.300000 -2.11110087e+00 0.00000000e+00 
2009.350000 -2.09440092e+00 0.00000000e+00 
2009.400000 -2.07879039e+00 0.00000000e+00 
2009.450000 -2.06405572e+00 0.00000000e+00 
2009.500000 -2.05002440e+00 0.00000000e+00 
2009.550000 -2.03642161e+00 0.00000000e+00 
2009.600000 -2.02281530e+00 0.00000000e+00 
2009.650000 -2.00904868e+00 0.00000000e+00 
2009.700000 -1.99469757e+00 0.00000000e+00 
2009.750000 -1.97954203e+00 0.00000000e+00 
2009.800000 -1.96331484e+00 0.00000000e+00 
2009.850000 -1.94599133e+00 0.00000000e+00 
2009.900000 -1.92753584e+00 0.00000000e+00 
2009.950000 -1.90856026e+00 0.00000000e+00 
2010.000000 -1.88840755e+00 0.00000000e+00 
2010.050000 -1.86729197e+00 0.00000000e+00 
2010.100000 -1.84570218e+00 0.00000000e+00 
2010.150000 -1.82381709e+00 0.00000000e+00 
2010.200000 -1.80174873e+00 0.00000000e+00 
2010.250000 -1.77988811e+00 0.00000000e+00 
2010.300000 -1.75844262e+00 0.00000000e+00 
2010.350000 -1.73709319e+00 0.00000000e+00 
2010.400000 -1.71596740e+00 0.00000000e+00 
2010.450000 -1.69474370e+00 0.00000000e+00 
2010.500000 -1.67357355e+00 0.00000000e+00 
2010.550000 -1.65220184e+00 0.00000000e+00 
2010.600000 -1.63061734e+00 0.00000000e+00 
2010.650000 -1.60818105e+00 0.00000000e+00 
2010.700000 -1.58502823e+00 0.00000000e+00 
2010.750000 -1.56084744e+00 0.00000000e+00 
2010.800000 -1.53599367e+00 0.00000000e+00 
2010.850000 -1.51020720e+00 0.00000000e+00 
2010.900000 -1.48336620e+00 0.00000000e+00 
2010.950000 -1.45577112e+00 0.00000000e+00 
2011.000000 -1.42742902e+00 0.00000000e+00 
2011.050000 -1.39895202e+00 0.00000000e+00 
2011.100000 -1.37019529e+00 0.00000000e+00 
2011.150000 -1.34113284e+00 0.00000000e+00 
2011.200000 -1.31222670e+00 0.00000000e+00 
2011.250000 -1.28385945e+00 0.00000000e+00 
2011.300000 -1.25595590e+00 0.00000000e+00 
2011.350000 -1.22836713e+00 0.00000000e+00 
2011.400000 -1.20130377e+00 0.00000000e+00 
2011.450000 -1.17414504e+00 0.00000000e+00 
2011.500000 -1.14686829e+00 0.00000000e+00 
2011.550000 -1.11908321e+00 0.00000000e+00 
2011.600000 -1.09068798e+00 0.00000000e+00 
2011.650000 -1.06163742e+00 0.00000000e+00 
2011.700000 -1.03200110e+00 0.00000000e+00 
2011.750000 -1.00205769e+00 0.00000000e+00 
2011.800000 -9.71579135e-01 0.00000000e+00 
2011.850000 -9.40396026e-01 0.00000000e+00 
2011.900000 -9.08752022e-01 0.00000000e+00 
2011.950000 -8.76756414e-01 0.00000000e+00 
2012.000000 -8.44714791e-01 0.00000000e+00 
2012.050000 -8.13067205e-01 0.00000000e+00 
2012.100000 -7.81882245e-01 0.00000000e+00 
2012.150000 -7.51401169e-01 0.00000000e+00 
2012.200000 -7.21644924e-01 0.00000000e+00 
2012.250000 -6.92329527e-01 0.00000000e+00 
2012.300000 -6.63723741e-01 0.00000000e+00 
2012.350000 -6.35364015e-01 0.00000000e+00 
2012.400000 -6.07432678e-01 0.00000000e+00 
2012.450000 -5.79713516e-01 0.00000000e+00 
2012.500000 -5.52189677e-01 0.00000000e+00 
2012.550000 -5.24242128e-01 0.00000000e+00 
2012.600000 -4.95907709e-01 0.00000000e+00 
2012.650000 -4.67151987e-01 0.00000000e+00 
2012.700000 -4.38003410e-01 0.00000000e+00 
2012.750000 -4.08756559e-01 0.00000000e+00 
2012.800000 -3.79421035e-01 0.00000000e+00 
2012.850000 -3.50091934e-01 0.00000000e+00 
2012.900000 -3.20876693e-01 0.00000000e+00 
2012.950000 -2.92263536e-01 0.00000000e+00 
2013.000000 -2.64149570e-01 0.00000000e+00 
2013.050000 -2.36751146e-01 0.00000000e+00 
2013.100000 -2.10125243e-01 0.00000000e+00 
2013.150000 -1.84412500e-01 0.00000000e+00 
2013.200000 -1.59723371e-01 0.00000000e+00 
2013.250000 -1.35760623e-01 0.00000000e+00 
2013.300000 -1.12621793e-01 0.00000000e+00 
2013.350000 -8.99704636e-02 0.00000000e+00 
2013.400000 -6.78233600e-02 0.00000000e+00 
2013.450000 -4.55118609e-02 0.00000000e+00 
2013.500000 -2.27881274e-02 0.00000000e+00 
2013.550000 -1.71408176e-04 0.00000000e+00 
2013.600000 2.27564341e-02 0.00000000e+00 
2013.650000 4.63676580e-02 0.00000000e+00 
2013.700000 7.05358234e-02 0.00000000e+00 
2013.750000 9.48983349e-02 0.00000000e+00 
2013.800000 1.19265794e-01 0.00000000e+00 
2013.850000 1.43371579e-01 0.00000000e+00 
2013.900000 1.66872699e-01 0.00000000e+00 
2013.950000 1.89693893e-01 0.00000000e+00 
2014.000000 2.11682024e-01 0.00000000e+00 
2014.050000 2.32508995e-01 0.00000000e+00 
2014.100000 2.51864992e-01 0.00000000e+00 
2014.150000 2.70145641e-01 0.00000000e+00 
2014.200000 2.87416025e-01 0.00000000e+00 
2014.250000 3.03586816e-01 0.00000000e+00 
2014.300000 3.19108923e-01 0.00000000e+00 
2014.350000 3.34355216e-01 0.00000000e+00 
2014.400000 3.49381600e-01 0.00000000e+00 
2014.450000 3.64340678e-01 0.00000000e+00 
2014.500000 3.79478236e-01 0.00000000e+00 
2014.550000 3.95211595e-01 0.00000000e+00 
2014.600000 4.11530438e-01 0.00000000e+00 
2014.650000 4.28445198e-01 0.00000000e+00 
2014.700000 4.45576337e-01 0.00000000e+00 
2014.750000 4.63064046e-01 0.00000000e+00 
2014.800000 4.80548389e-01 0.00000000e+00 
2014.850000 4.97742450e-01 0.00000000e+00 
2014.900000 5.14531391e-01 0.00000000e+00 
2014.950000 5.31013733e-01 0.00000000e+00 
2015.000000 5.24907681e-01 0.00000000e+00 
2015.050000 5.16889438e-01 0.00000000e+00 
2015.100000 5.07214339e-01 0.00000000e+00 
2015.150000 4.96169168e-01 0.00000000e+00 
2015.200000 4.84199674e-01 0.00000000e+00 
2015.250000 4.71644697e-01 0.00000000e+00 
2015.300000 4.59123080e-01 0.00000000e+00 
2015.350000 4.47274666e-01 0.00000000e+00 
2015.400000 4.36787082e-01 0.00000000e+00 
2015.450000 4.28058926e-01 0.00000000e+00 
2015.500000 4.21311122e-01 0.00000000e+00 
2015.550000 4.16461099e-01 0.00000000e+00 
2015.600000 4.13412065e-01 0.00000000e+00 
2015.650000 4.11973972e-01 0.00000000e+00 
2015.700000 4.11463440e-01 0.00000000e+00 
2015.750000 4.11500815e-01 0.00000000e+00 
2015.800000 4.11604033e-01 0.00000000e+00 
2015.850000 4.11020930e-01 0.00000000e+00 
2015.900000 4.09621280e-01 0.00000000e+00 
2015.950000 4.06877021e-01 0.00000000e+00 
2016.000000 4.02656898e-01 0.00000000e+00 
2016.050000 3.96729273e-01 0.00000000e+00 
2016.100000 3.89329988e-01 0.00000000e+00 
2016.150000 3.80653066e-01 0.00000000e+00 
2016.200000 3.71415451e-01 0.00000000e+00 
2016.250000 3.61894424e-01 0.00000000e+00 
2016.300000 3.52560608e-01 0.00000000e+00 
2016.350000 3.44054356e-01 0.00000000e+00 
2016.400000 3.36906948e-01 0.00000000e+00 
2016.450000 3.31645152e-01 0.00000000e+00 
2016.500000 3.28370817e-01 0.00000000e+00 
2016.550000 3.27175421e-01 0.00000000e+00 
2016.600000 3.28128193e-01 0.00000000e+00 
2016.650000 3.30798780e-01 0.00000000e+00 
2016.700000 3.34807507e-01 0.00000000e+00 
2016.750000 3.39650378e-01 0.00000000e+00 
2016.800000 3.44659410e-01 0.00000000e+00 
2016.850000 3.49318238e-01 0.00000000e+00 
2016.900000 3.53066366e-01 0.00000000e+00 
2016.950000 3.55627571e-01 0.00000000e+00 
2017.000000 3.56559622e-01 0.00000000e+00 
2017.050000 3.55888960e-01 0.00000000e+00 
2017.100000 3.53834383e-01 0.00000000e+00 
2017.150000 3.50642352e-01 0.00000000e+00 
2017.200000 3.46565128e-01 0.00000000e+00 
2017.250000 3.42114537e-01 0.00000000e+00 
2017.300000 3.37857852e-01 0.00000000e+00 
2017.350000 3.34484641e-01 0.00000000e+00 
2017.400000 3.32592909e-01 0.00000000e+00 
2017.450000 3.32513815e-01 0.00000000e+00 
2017.500000 3.34631590e-01 0.00000000e+00 
2017.550000 3.39003927e-01 0.00000000e+00 
2017.600000 3.45377549e-01 0.00000000e+00 
2017.650000 3.53364961e-01 0.00000000e+00 
2017.700000 3.62693147e-01 0.00000000e+00 
2017.750000 3.72839748e-01 0.00000000e+00 
2017.800000 3.83122652e-01 0.00000000e+00 
2017.850000 3.93068838e-01 0.00000000e+00 
2017.900000 4.02295226e-01 0.00000000e+00 
2017.950000 4.10334985e-01 0.00000000e+00 
2018.000000 4.16933268e-01 0.00000000e+00 
2018.050000 4.22021643e-01 0.00000000e+00 
2018.100000 4.25760746e-01 0.00000000e+00 
2018.150000 4.28406849e-01 0.00000000e+00 
2018.200000 4.30256465e-01 0.00000000e+00 
2018.250000 4.31939261e-01 0.00000000e+00 
2018.300000 4.34024323e-01 0.00000000e+00 
2018.350000 4.37109270e-01 0.00000000e+00 
2018.400000 4.41621857e-01 0.00000000e+00 
2018.450000 4.47966953e-01 0.00000000e+00 
2018.500000 4.56177342e-01 0.00000000e+00 
2018.550000 4.66283743e-01 0.00000000e+00 
2018.600000 4.78220322e-01 0.00000000e+00 
2018.650000 4.91792276e-01 0.00000000e+00 
2018.700000 5.06544947e-01 0.00000000e+00 
2018.750000 5.22064126e-01 0.00000000e+00 
2018.800000 5.37759743e-01 0.00000000e+00 
2018.850000 5.53164276e-01 0.00000000e+00 
2018.900000 5.67674723e-01 0.00000000e+00 
2018.950000 5.81024340e-01 0.00000000e+00 
2019.000000 5.92759786e-01 0.00000000e+00 
2019.050000 6.02994810e-01 0.00000000e+00 
2019.100000 6.11797123e-01 0.00000000e+00 
2019.150000 6.19399028e-01 0.00000000e+00 
2019.200000 6.26250649e-01 0.00000000e+00 
2019.250000 6.32772559e-01 0.00000000e+00 
2019.300000 6.39449827e-01 0.00000000e+00 
2019.350000 6.46903518e-01 0.00000000e+00 
2019.400000 6.55522446e-01 0.00000000e+00 
2019.450000 6.65777208e-01 0.00000000e+00 
2019.500000 6.77716793e-01 0.00000000e+00 
2019.550000 6.91572362e-01 0.00000000e+00 
2019.600000 7.07239092e-01 0.00000000e+00 
2019.650000 7.24219033e-01 0.00000000e+00 
2019.700000 7.42183316e-01 0.00000000e+00 
2019.750000 7.60865888e-01 0.00000000e+00 
2019.800000 7.79469721e-01 0.00000000e+00 
2019.850000 7.97644608e-01 0.00000000e+00 
2019.900000 8.14745226e-01 0.00000000e+00 
2019.950000 8.30319965e-01 0.00000000e+00 
2020.000000 8.44088803e-01 0.00000000e+00 
2020.050000 8.56082803e-01 0.00000000e+00 
2020.100000 8.66285840e-01 0.00000000e+00 
2020.150000 8.74854783e-01 0.00000000e+00 
2020.200000 8.82525305e-01 0.00000000e+00 
2020.250000 8.89748003e-01 0.00000000e+00 
2020.300000 8.96906267e-01 0.00000000e+00 
2020.350000 9.04653334e-01 0.00000000e+00 
2020.400000 9.13513249e-01 0.00000000e+00 
2020.450000 9.23615666e-01 0.00000000e+00 
2020.500000 9.35217261e-01 0.00000000e+00 
2020.550000 9.48702786e-01 0.00000000e+00 
2020.600000 9.63870500e-01 0.00000000e+00 
2020.650000 9.80321781e-01 0.00000000e+00 
2020.700000 9.97625730e-01 0.00000000e+00 
2020.750000 1.01523690e+00 0.00000000e+00 
2020.800000 1.03271794e+00 0.00000000e+00 
2020.850000 1.04932347e+00 0.00000000e+00 
2020.900000 1.06480740e+00 0.00000000e+00 
2020.950000 1.07854359e+00 0.00000000e+00 
2021.000000 1.09026426e+00 0.00000000e+00 
2021.050000 1.09993319e+00 0.00000000e+00 
2021.100000 1.10780355e+00 0.00000000e+00 
2021.150000 1.11405070e+00 0.00000000e+00 
2021.200000 1.11908885e+00 0.00000000e+00 
2021.250000 1.12346109e+00 0.00000000e+00 
2021.300000 1.12746381e+00 0.00000000e+00 
2021.350000 1.13181505e+00 0.00000000e+00 
2021.400000 1.13693561e+00 0.00000000e+00 
2021.450000 1.14333653e+00 0.00000000e+00 
2021.500000 1.15107723e+00 0.00000000e+00 
2021.550000 1.16049907e+00 0.00000000e+00 
2021.600000 1.17149329e+00 0.00000000e+00 
2021.650000 1.18356572e+00 0.00000000e+00 
2021.700000 1.19647815e+00 0.00000000e+00 
2021.750000 1.20963169e+00 0.00000000e+00 
2021.800000 1.22231534e+00 0.00000000e+00 
2021.850000 1.23400163e+00 0.00000000e+00 
2021.900000 1.24412723e+00 0.00000000e+00 
2021.950000 1.25249641e+00 0.00000000e+00 
2022.000000 1.25876939e+00 0.00000000e+00 
2022.050000 1.26289020e+00 0.00000000e+00 
2022.100000 1.26478433e+00 0.00000000e+00 
2022.150000 1.26477631e+00 0.00000000e+00 
2022.200000 1.26322268e+00 0.00000000e+00 
2022.250000 1.26066552e+00 0.00000000e+00 
2022.300000 1.25779837e+00 0.00000000e+00 
2022.350000 1.25513243e+00 0.00000000e+00 
2022.400000 1.25328244e+00 0.00000000e+00 
2022.450000 1.25248701e+00 0.00000000e+00 
2022.500000 1.25302428e+00 0.00000000e+00 
2022.550000 1.25501387e+00 0.00000000e+00 
2022.600000 1.25844409e+00 0.00000000e+00 
2022.650000 1.26298223e+00 0.00000000e+00 
2022.700000 1.26828033e+00 0.00000000e+00 
2022.750000 1.27366072e+00 0.00000000e+00 
2022.800000 1.27850406e+00 0.00000000e+00 
2022.850000 1.28233261e+00 0.00000000e+00 
2022.900000 1.28472899e+00 0.00000000e+00 
2022.950000 1.28528337e+00 0.00000000e+00 
2023.000000 1.28365943e+00 0.00000000e+00 
2023.050000 1.27998135e+00 0.00000000e+00 
2023.100000 1.27394831e+00 0.00000000e+00 
2023.150000 1.26602751e+00 0.00000000e+00 
2023.200000 1.25675131e+00 0.00000000e+00 
2023.250000 1.24647476e+00 0.00000000e+00 
2023.300000 1.23575992e+00 0.00000000e+00 
2023.350000 1.22531433e+00 0.00000000e+00 
2023.400000 1.21568380e+00 0.00000000e+00 
2023.450000 1.20738219e+00 0.00000000e+00 
2023.500000 1.20057005e+00 0.00000000e+00 
2023.550000 1.19527348e+00 0.00000000e+00 
2023.600000 1.19134916e+00 0.00000000e+00 
2023.650000 1.18853801e+00 0.00000000e+00 
2023.700000 1.18665102e+00 0.00000000e+00 
2023.750000 1.18494013e+00 0.00000000e+00 
2023.800000 1.18282738e+00 0.00000000e+00 
2023.850000 1.17989437e+00 0.00000000e+00 
2023.900000 1.17564372e+00 0.00000000e+00 
2023.950000 1.16952671e+00 0.00000000e+00 
2024.000000 1.16157519e+00 0.00000000e+00 
2024.050000 1.15162032e+00 0.00000000e+00 
2024.100000 1.13967354e+00 0.00000000e+00 
2024.150000 1.12603172e+00 0.00000000e+00 
2024.200000 1.11127394e+00 0.00000000e+00 
2024.250000 1.09559630e+00 0.00000000e+00 
2024.300000 1.07991546e+00 0.00000000e+00 
2024.350000 1.06471589e+00 0.00000000e+00 
2024.400000 1.05026896e+00 0.00000000e+00 
2024.450000 1.03712711e+00 0.00000000e+00 
2024.500000 1.02562297e+00 0.00000000e+00 
2024.550000 1.01578306e+00 0.00000000e+00 
2024.600000 1.00748253e+00 0.00000000e+00 
2024.650000 1.00059532e+00 0.00000000e+00 
2024.700000 9.94552449e-01 0.00000000e+00 
2024.750000 9.88924363e-01 0.00000000e+00 
2024.800000 9.83196368e-01 0.00000000e+00 
2024.850000 9.76853747e-01 0.00000000e+00 
2024.900000 9.69481913e-01 0.00000000e+00 
2024.950000 9.60615389e-01 0.00000000e+00 
2025.000000 9.50094699e-01 0.00000000e+00 
2025.050000 9.37732440e-01 0.00000000e+00 
2025.100000 9.23748650e-01 0.00000000e+00 
2025.150000 9.08423657e-01 0.00000000e+00 
2025.200000 8.92185214e-01 0.00000000e+00 
2025.250000 8.75533777e-01 0.00000000e+00 
2025.300000 8.58967538e-01 0.00000000e+00 
2025.350000 8.42965299e-01 0.00000000e+00 
2025.400000 8.27993639e-01 0.00000000e+00 
2025.450000 8.14599476e-01 0.00000000e+00 
2025.500000 8.03084221e-01 0.00000000e+00 
2025.550000 7.93490538e-01 0.00000000e+00 
2025.600000 7.85746451e-01 0.00000000e+00 
2025.650000 7.79549123e-01 0.00000000e+00 
2025.700000 7.74458007e-01 0.00000000e+00 
2025.750000 7.70370289e-01 0.00000000e+00 
2025.800000 7.66459041e-01 0.00000000e+00 
2025.850000 7.62332170e-01 0.00000000e+00 
2025.900000 7.57443914e-01 0.00000000e+00 
2025.950000 7.51216936e-01 0.00000000e+00 
2026.000000 7.43688491e-01 0.00000000e+00 
2026.050000 7.34734992e-01 0.00000000e+00 
2026.100000 7.24341425e-01 0.00000000e+00 
2026.150000 7.12869808e-01 0.00000000e+00 
2026.200000 7.00679378e-01 0.00000000e+00 
2026.250000 6.88166874e-01 0.00000000e+00 
2026.300000 6.75926685e-01 0.00000000e+00 
2026.350000 6.64544866e-01 0.00000000e+00 
2026.400000 6.54506091e-01 0.00000000e+00 
2026.450000 6.46238168e-01 0.00000000e+00 
2026.500000 6.39975065e-01 0.00000000e+00 
2026.550000 6.35868937e-01 0.00000000e+00 
2026.600000 6.33791884e-01 0.00000000e+00 
2026.650000 6.33523450e-01 0.00000000e+00 
2026.700000 6.34750754e-01 0.00000000e+00 
2026.750000 6.36935108e-01 0.00000000e+00 
2026.800000 6.39587061e-01 0.00000000e+00 
2026.850000 6.42101686e-01 0.00000000e+00 
2026.900000 6.43976250e-01 0.00000000e+00 
2026.950000 6.44918014e-01 0.00000000e+00 
2027.000000 6.44598766e-01 0.00000000e+00 
2027.050000 6.42923377e-01 0.00000000e+00 
2027.100000 6.39908762e-01 0.00000000e+00 
2027.150000 6.35669046e-01 0.00000000e+00 
2027.200000 6.30721232e-01 0.00000000e+00 
2027.250000 6.25643421e-01 0.00000000e+00 
2027.300000 6.20972511e-01 0.00000000e+00 
2027.350000 6.17184447e-01 0.00000000e+00 
2027.400000 6.14890402e-01 0.00000000e+00 
2027.450000 6.14397553e-01 0.00000000e+00 
2027.500000 6.15923844e-01 0.00000000e+00 
2027.550000 6.19677588e-01 0.00000000e+00 
2027.600000 6.25581697e-01 0.00000000e+00 
2027.650000 6.33387046e-01 0.00000000e+00 
2027.700000 6.42640568e-01 0.00000000e+00 
2027.750000 6.52696924e-01 0.00000000e+00 
2027.800000 6.63115405e-01 0.00000000e+00 
2027.850000 6.73571214e-01 0.00000000e+00 
2027.900000 6.83569292e-01 0.00000000e+00 
2027.950000 6.92760815e-01 0.00000000e+00 
2028.000000 7.00537298e-01 0.00000000e+00 
2028.050000 7.07138421e-01 0.00000000e+00 
2028.100000 7.12416762e-01 0.00000000e+00 
2028.150000 7.16637063e-01 0.00000000e+00 
2028.200000 7.20374288e-01 0.00000000e+00 
2028.250000 7.23842597e-01 0.00000000e+00 
2028.300000 7.27630349e-01 0.00000000e+00 
2028.350000 7.32242183e-01 0.00000000e+00 
2028.400000 7.38226779e-01 0.00000000e+00 
2028.450000 7.46156242e-01 0.00000000e+00 
2028.500000 7.56369572e-01 0.00000000e+00 
2028.550000 7.68687254e-01 0.00000000e+00 
2028.600000 7.83036360e-01 0.00000000e+00 
2028.650000 7.99465935e-01 0.00000000e+00 
2028.700000 8.17376074e-01 0.00000000e+00 
2028.750000 8.36212726e-01 0.00000000e+00 
2028.800000 8.55530382e-01 0.00000000e+00 
2028.850000 8.74643904e-01 0.00000000e+00 
2028.900000 8.93106750e-01 0.00000000e+00 
2028.950000 9.10575504e-01 0.00000000e+00 
2029.000000 9.26669446e-01 0.00000000e+00 
2029.050000 9.41314062e-01 0.00000000e+00 
2029.100000 9.54438623e-01 0.00000000e+00 
2029.150000 9.66403882e-01 0.00000000e+00 
2029.200000 9.77625591e-01 0.00000000e+00 
2029.250000 9.88389001e-01 0.00000000e+00 
2029.300000 9.99341573e-01 0.00000000e+00 
2029.350000 1.01101795e+00 0.00000000e+00 
2029.400000 1.02382857e+00 0.00000000e+00 
2029.450000 1.03812843e+00 0.00000000e+00 
2029.500000 1.05416166e+00 0.00000000e+00 
2029.550000 1.07210136e+00 0.00000000e+00 
2029.600000 1.09200762e+00 0.00000000e+00 
2029.650000 1.11352935e+00 0.00000000e+00 
2029.700000 1.13611310e+00 0.00000000e+00 
2029.750000 1.15951324e+00 0.00000000e+00 
2029.800000 1.18310494e+00 0.00000000e+00 
2029.850000 1.20615345e+00 0.00000000e+00 
2029.900000 1.22815519e+00 0.00000000e+00 
2029.950000 1.24887615e+00 0.00000000e+00 
2030.000000 1.26799731e+00 0.00000000e+00 
2030.050000 1.28530877e+00 0.00000000e+00 
2030.100000 1.30094420e+00 0.00000000e+00 
2030.150000 1.31526049e+00 0.00000000e+00 
2030.200000 1.32853798e+00 0.00000000e+00 
2030.250000 1.34110188e+00 0.00000000e+00 
2030.300000 1.35336023e+00 0.00000000e+00 
2030.350000 1.36615148e+00 0.00000000e+00 
2030.400000 1.37989233e+00 0.00000000e+00 
2030.450000 1.39498715e+00 0.00000000e+00 
2030.500000 1.41176731e+00 0.00000000e+00 
2030.550000 1.43022382e+00 0.00000000e+00 
2030.600000 1.45038195e+00 0.00000000e+00 
2030.650000 1.47182861e+00 0.00000000e+00 
2030.700000 1.49412586e+00 0.00000000e+00 
2030.750000 1.51673666e+00 0.00000000e+00 
2030.800000 1.53912454e+00 0.00000000e+00 
2030.850000 1.56064267e+00 0.00000000e+00 
2030.900000 1.58079245e+00 0.00000000e+00 
2030.950000 1.59924896e+00 0.00000000e+00 
2031.000000 1.61579057e+00 0.00000000e+00 
2031.050000 1.63024509e+00 0.00000000e+00 
2031.100000 1.64257100e+00 0.00000000e+00 
2031.150000 1.65309317e+00 0.00000000e+00 
2031.200000 1.66225436e+00 0.00000000e+00 
2031.250000 1.67052877e+00 0.00000000e+00 
2031.300000 1.67829734e+00 0.00000000e+00 
2031.350000 1.68619925e+00 0.00000000e+00 
2031.400000 1.69475864e+00 0.00000000e+00 
2031.450000 1.70444096e+00 0.00000000e+00 
2031.500000 1.71538082e+00 0.00000000e+00 
2031.550000 1.72779308e+00 0.00000000e+00 
2031.600000 1.74155430e+00 0.00000000e+00 
2031.650000 1.75631866e+00 0.00000000e+00 
2031.700000 1.77162674e+00 0.00000000e+00 
2031.750000 1.78700443e+00 0.00000000e+00 
2031.800000 1.80195778e+00 0.00000000e+00 
2031.850000 1.81583044e+00 0.00000000e+00 
2031.900000 1.82798667e+00 0.00000000e+00 
2031.950000 1.83824624e+00 0.00000000e+00 
2032.000000 1.84624704e+00 0.00000000e+00 
2032.050000 1.85175388e+00 0.00000000e+00 
2032.100000 1.85502361e+00 0.00000000e+00 
2032.150000 1.85640008e+00 0.00000000e+00 
2032.200000 1.85603727e+00 0.00000000e+00 
2032.250000 1.85452692e+00 0.00000000e+00 
2032.300000 1.85236365e+00 0.00000000e+00 
2032.350000 1.85008182e+00 0.00000000e+00 
2032.400000 1.84816166e+00 0.00000000e+00 
2032.450000 1.84717799e+00 0.00000000e+00 
2032.500000 1.84755803e+00 0.00000000e+00 
2032.550000 1.84923392e+00 0.00000000e+00 
2032.600000 1.85190207e+00 0.00000000e+00 
2032.650000 1.85543755e+00 0.00000000e+00 
2032.700000 1.85953234e+00 0.00000000e+00 
2032.750000 1.86370516e+00 0.00000000e+00 
2032.800000 1.86729114e+00 0.00000000e+00 
2032.850000 1.86980100e+00 0.00000000e+00 
2032.900000 1.87075101e+00 0.00000000e+00 
2032.950000 1.86992806e+00 0.00000000e+00 
2033.000000 1.86688902e+00 0.00000000e+00 
2033.050000 1.86153619e+00 0.00000000e+00 
2033.100000 1.85401503e+00 0.00000000e+00 
2033.150000 1.84453224e+00 0.00000000e+00 
2033.200000 1.83349286e+00 0.00000000e+00 
2033.250000 1.82127093e+00 0.00000000e+00 
2033.300000 1.80856222e+00 0.00000000e+00 
2033.350000 1.79575882e+00 0.00000000e+00 
2033.400000 1.78352982e+00 0.00000000e+00 
2033.450000 1.77213737e+00 0.00000000e+00 
2033.500000 1.76169221e+00 0.00000000e+00 
2033.550000 1.75250270e+00 0.00000000e+00 
2033.600000 1.74439477e+00 0.00000000e+00 
2033.650000 1.73737889e+00 0.00000000e+00 
2033.700000 1.73086920e+00 0.00000000e+00 
2033.750000 1.72458799e+00 0.00000000e+00 
2033.800000 1.71791049e+00 0.00000000e+00 
2033.850000 1.71042154e+00 0.00000000e+00 
2033.900000 1.70167512e+00 0.00000000e+00 
2033.950000 1.69132490e+00 0.00000000e+00 
2034.000000 1.67885887e+00 0.00000000e+00 
2034.050000 1.66441798e+00 0.00000000e+00 
2034.100000 1.64810728e+00 0.00000000e+00 
2034.150000 1.62993030e+00 0.00000000e+00 
2034.200000 1.61038457e+00 0.00000000e+00 
2034.250000 1.58999962e+00 0.00000000e+00 
2034.300000 1.56934675e+00 0.00000000e+00 
2034.350000 1.54897098e+00 0.00000000e+00 
2034.400000 1.52933639e+00 0.00000000e+00 
2034.450000 1.51083785e+00 0.00000000e+00 
2034.500000 1.49358443e+00 0.00000000e+00 
2034.550000 1.47791591e+00 0.00000000e+00 
2034.600000 1.46378396e+00 0.00000000e+00 
2034.650000 1.45080909e+00 0.00000000e+00 
2034.700000 1.43861571e+00 0.00000000e+00 
2034.750000 1.42711401e+00 0.00000000e+00 
2034.800000 1.41555010e+00 0.00000000e+00 
2034.850000 1.40350305e+00 0.00000000e+00 
2034.900000 1.39037353e+00 0.00000000e+00 
2034.950000 1.37575387e+00 0.00000000e+00 
2035.000000 1.35942283e+00 0.00000000e+00 
2035.050000 1.34128304e+00 0.00000000e+00 
2035.100000 1.32146088e+00 0.00000000e+00 
2035.150000 1.30010355e+00 0.00000000e+00 
2035.200000 1.27773372e+00 0.00000000e+00 
2035.250000 1.25488213e+00 0.00000000e+00 
2035.300000 1.23219982e+00 0.00000000e+00 
2035.350000 1.21010619e+00 0.00000000e+00 
2035.400000 1.18935702e+00 0.00000000e+00 
2035.450000 1.16998138e+00 0.00000000e+00 
2035.500000 1.15256956e+00 0.00000000e+00 
2035.550000 1.13717323e+00 0.00000000e+00 
2035.600000 1.12363304e+00 0.00000000e+00 
2035.650000 1.11176413e+00 0.00000000e+00 
2035.700000 1.10099103e+00 0.00000000e+00 
2035.750000 1.09102766e+00 0.00000000e+00 
2035.800000 1.08147375e+00 0.00000000e+00 
2035.850000 1.07160479e+00 0.00000000e+00 
2035.900000 1.06117134e+00 0.00000000e+00 
2035.950000 1.04961296e+00 0.00000000e+00 
2036.000000 1.03673384e+00 0.00000000e+00 
2036.050000 1.02252023e+00 0.00000000e+00 
2036.100000 1.00710335e+00 0.00000000e+00 
2036.150000 9.90769546e-01 0.00000000e+00 
2036.200000 9.74020058e-01 0.00000000e+00 
2036.250000 9.46223468e-01 0.00000000e+00 
2036.300000 9.18551448e-01 0.00000000e+00 
2036.350000 8.91841596e-01 0.00000000e+00 
2036.400000 8.66733771e-01 0.00000000e+00 
2036.450000 8.43792715e-01 0.00000000e+00 
2036.500000 8.23234084e-01 0.00000000e+00 
2036.550000 8.05145558e-01 0.00000000e+00 
2036.600000 7.89291053e-01 0.00000000e+00 
2036.650000 7.75197213e-01 0.00000000e+00 
2036.700000 7.62301743e-01 0.00000000e+00 
2036.750000 7.49798805e-01 0.00000000e+00 
2036.800000 7.36854222e-01 0.00000000e+00 
2036.850000 7.22700667e-01 0.00000000e+00 
2036.900000 7.06660658e-01 0.00000000e+00 
2036.950000 6.88327218e-01 0.00000000e+00 
2037.000000 6.67390456e-01 0.00000000e+00 
2037.050000 6.43853893e-01 0.00000000e+00 
2037.100000 6.17855629e-01 0.00000000e+00 
2037.150000 5.89829767e-01 0.00000000e+00 
2037.200000 5.60403758e-01 0.00000000e+00 
2037.250000 5.30400703e-01 0.00000000e+00 
2037.300000 5.00582093e-01 0.00000000e+00 
2037.350000 4.71721406e-01 0.00000000e+00 
2037.400000 4.44515444e-01 0.00000000e+00 
2037.450000 4.19435300e-01 0.00000000e+00 
2037.500000 3.96689230e-01 0.00000000e+00 
2037.550000 3.76348528e-01 0.00000000e+00 
2037.600000 3.58201144e-01 0.00000000e+00 
2037.650000 3.41808418e-01 0.00000000e+00 
2037.700000 3.26560740e-01 0.00000000e+00 
2037.750000 3.11629566e-01 0.00000000e+00 
2037.800000 2.96158731e-01 0.00000000e+00 
2037.850000 2.79478003e-01 0.00000000e+00 
2037.900000 2.60951021e-01 0.00000000e+00 
2037.950000 2.40096171e-01 0.00000000e+00 
2038.000000 2.16589204e-01 0.00000000e+00 
2038.050000 1.90504823e-01 0.00000000e+00 
2038.100000 1.61922218e-01 0.00000000e+00 
2038.150000 1.31352795e-01 0.00000000e+00 
2038.200000 9.94652196e-02 0.00000000e+00 
2038.250000 6.69424740e-02 0.00000000e+00 
2038.300000 3.46482547e-02 0.00000000e+00 
2038.350000 3.33747309e-03 0.00000000e+00 
2038.400000 -2.63241565e-02 0.00000000e+00 
2038.450000 -5.38279799e-02 0.00000000e+00 
2038.500000 -7.89658276e-02 0.00000000e+00 
2038.550000 -1.01756614e-01 0.00000000e+00 
2038.600000 -1.22430924e-01 0.00000000e+00 
2038.650000 -1.41384499e-01 0.00000000e+00 
2038.700000 -1.59179497e-01 0.00000000e+00 
2038.750000 -1.76666477e-01 0.00000000e+00 
2038.800000 -1.94660938e-01 0.00000000e+00 
2038.850000 -2.13870672e-01 0.00000000e+00 
2038.900000 -2.34949731e-01 0.00000000e+00 
2038.950000 -2.58402342e-01 0.00000000e+00 
2039.000000 -2.84402231e-01 0.00000000e+00 
2039.050000 -3.12983345e-01 0.00000000e+00 
2039.100000 -3.43982711e-01 0.00000000e+00 
2039.150000 -3.76917152e-01 0.00000000e+00 
2039.200000 -4.11071557e-01 0.00000000e+00 
2039.250000 -4.45775738e-01 0.00000000e+00 
2039.300000 -4.80132196e-01 0.00000000e+00 
2039.350000 -5.13421800e-01 0.00000000e+00 
2039.400000 -5.45089292e-01 0.00000000e+00 
2039.450000 -5.74659192e-01 0.00000000e+00 
2039.500000 -6.01779018e-01 0.00000000e+00 
2039.550000 -6.26489605e-01 0.00000000e+00 
2039.600000 -6.49039564e-01 0.00000000e+00 
2039.650000 -6.69849962e-01 0.00000000e+00 
2039.700000 -6.89621655e-01 0.00000000e+00 
2039.750000 -7.09110343e-01 0.00000000e+00 
2039.800000 -7.29116684e-01 0.00000000e+00 
2039.850000 -7.50322785e-01 0.00000000e+00 
2039.900000 -7.73317386e-01 0.00000000e+00 
2039.950000 -7.98544358e-01 0.00000000e+00 
2040.000000 -8.26243485e-01 0.00000000e+00 
2040.050000 -8.56417929e-01 0.00000000e+00 
2040.100000 -8.88767705e-01 0.00000000e+00 
2040.150000 -9.22802455e-01 0.00000000e+00 
2040.200000 -9.57936342e-01 0.00000000e+00 
2040.250000 -9.93377992e-01 0.00000000e+00 
2040.300000 -1.02834089e+00 0.00000000e+00 
2040.350000 -1.06218908e+00 0.00000000e+00 
2040.400000 -1.09424032e+00 0.00000000e+00 
2040.450000 -1.12403130e+00 0.00000000e+00 
2040.500000 -1.15126239e+00 0.00000000e+00 
2040.550000 -1.17599232e+00 0.00000000e+00 
2040.600000 -1.19845678e+00 0.00000000e+00 
2040.650000 -1.21920552e+00 0.00000000e+00 
2040.700000 -1.23884665e+00 0.00000000e+00 
2040.750000 -1.25795328e+00 0.00000000e+00 
2040.800000 -1.27743099e+00 0.00000000e+00 
2040.850000 -1.29787967e+00 0.00000000e+00 
2040.900000 -1.31994502e+00 0.00000000e+00 
2040.950000 -1.34415629e+00 0.00000000e+00 
2041.000000 -1.37060540e+00 0.00000000e+00 
2041.050000 -1.39924782e+00 0.00000000e+00 
2041.100000 -1.42987017e+00 0.00000000e+00 
2041.150000 -1.46197559e+00 0.00000000e+00 
2041.200000 -1.49492772e+00 0.00000000e+00 
2041.250000 -1.52798237e+00 0.00000000e+00 
2041.300000 -1.56033838e+00 0.00000000e+00 
2041.350000 -1.59130438e+00 0.00000000e+00 
2041.400000 -1.62025258e+00 0.00000000e+00 
2041.450000 -1.64676003e+00 0.00000000e+00 
2041.500000 -1.67062970e+00 0.00000000e+00 
2041.550000 -1.69186550e+00 0.00000000e+00 
2041.600000 -1.71074936e+00 0.00000000e+00 
2041.650000 -1.72773220e+00 0.00000000e+00 
2041.700000 -1.74344878e+00 0.00000000e+00 
2041.750000 -1.75857625e+00 0.00000000e+00 
2041.800000 -1.77382159e+00 0.00000000e+00 
2041.850000 -1.78995261e+00 0.00000000e+00 
2041.900000 -1.80760772e+00 0.00000000e+00 
2041.950000 -1.82709194e+00 0.00000000e+00 
2042.000000 -1.84867572e+00 0.00000000e+00 
2042.050000 -1.87223145e+00 0.00000000e+00 
2042.100000 -1.89752477e+00 0.00000000e+00 
2042.150000 -1.92413196e+00 0.00000000e+00 
2042.200000 -1.95138851e+00 0.00000000e+00 
2042.250000 -1.97850575e+00 0.00000000e+00 
2042.300000 -2.00471742e+00 0.00000000e+00 
2042.350000 -2.02932110e+00 0.00000000e+00 
2042.400000 -2.05166975e+00 0.00000000e+00 
2042.450000 -2.07145649e+00 0.00000000e+00 
2042.500000 -2.08846125e+00 0.00000000e+00 
2042.550000 -2.10271960e+00 0.00000000e+00 
2042.600000 -2.11451271e+00 0.00000000e+00 
2042.650000 -2.12434344e+00 0.00000000e+00 
2042.700000 -2.13287326e+00 0.00000000e+00 
2042.750000 -2.14088445e+00 0.00000000e+00 
2042.800000 -2.14904720e+00 0.00000000e+00 
2042.850000 -2.15787876e+00 0.00000000e+00 
2042.900000 -2.16796063e+00 0.00000000e+00 
2042.950000 -2.17955048e+00 0.00000000e+00 
2043.000000 -2.19313412e+00 0.00000000e+00 
2043.050000 -2.20838360e+00 0.00000000e+00 
2043.100000 -2.22518066e+00 0.00000000e+00 
2043.150000 -2.24302477e+00 0.00000000e+00 
2043.200000 -2.26108561e+00 0.00000000e+00 
2043.250000 -2.27882499e+00 0.00000000e+00 
2043.300000 -2.29550817e+00 0.00000000e+00 
2043.350000 -2.31051371e+00 0.00000000e+00 
2043.400000 -2.32324134e+00 0.00000000e+00 
2043.450000 -2.33323875e+00 0.00000000e+00 
2043.500000 -2.34031901e+00 0.00000000e+00 
2043.550000 -2.34463039e+00 0.00000000e+00 
2043.600000 -2.34654479e+00 0.00000000e+00 
2043.650000 -2.34632014e+00 0.00000000e+00 
2043.700000 -2.34475831e+00 0.00000000e+00 
2043.750000 -2.34249971e+00 0.00000000e+00 
2043.800000 -2.34027072e+00 0.00000000e+00 
2043.850000 -2.33870256e+00 0.00000000e+00 
2043.900000 -2.33834721e+00 0.00000000e+00 
2043.950000 -2.33946867e+00 0.00000000e+00 
2044.000000 -2.34227010e+00 0.00000000e+00 
2044.050000 -2.34666237e+00 0.00000000e+00 
2044.100000 -2.35241810e+00 0.00000000e+00 
2044.150000 -2.35903237e+00 0.00000000e+00 
2044.200000 -2.36581298e+00 0.00000000e+00 
2044.250000 -2.37217659e+00 0.00000000e+00 
2044.300000 -2.37735625e+00 0.00000000e+00 
2044.350000 -2.38080040e+00 0.00000000e+00 
2044.400000 -2.38203153e+00 0.00000000e+00 
2044.450000 -2.38069907e+00 0.00000000e+00 
2044.500000 -2.37671228e+00 0.00000000e+00 
2044.550000 -2.37022490e+00 0.00000000e+00 
2044.600000 -2.36130938e+00 0.00000000e+00 
2044.650000 -2.35059598e+00 0.00000000e+00 
2044.700000 -2.33870998e+00 0.00000000e+00 
2044.750000 -2.32617142e+00 0.00000000e+00 
2044.800000 -2.31374217e+00 0.00000000e+00 
2044.850000 -2.30216960e+00 0.00000000e+00 
2044.900000 -2.29198450e+00 0.00000000e+00 
2044.950000 -2.28333443e+00 0.00000000e+00 
2045.000000 -2.27634382e+00 0.00000000e+00 
2045.050000 -2.27096054e+00 0.00000000e+00 
2045.100000 -2.26683446e+00 0.00000000e+00 
2045.150000 -2.26344417e+00 0.00000000e+00 
2045.200000 -2.26021294e+00 0.00000000e+00 
2045.250000 -2.25639069e+00 0.00000000e+00 
2045.300000 -2.25156825e+00 0.00000000e+00 
2045.350000 -2.24488363e+00 0.00000000e+00 
2045.400000 -2.23600872e+00 0.00000000e+00 
2045.450000 -2.22462324e+00 0.00000000e+00 
2045.500000 -2.21071647e+00 0.00000000e+00 
2045.550000 -2.19445140e+00 0.00000000e+00 
2045.600000 -2.17604224e+00 0.00000000e+00 
2045.650000 -2.15619386e+00 0.00000000e+00 
2045.700000 -2.13543695e+00 0.00000000e+00 
2045.750000 -2.11452831e+00 0.00000000e+00 
2045.800000 -2.09411371e+00 0.00000000e+00 
2045.850000 -2.07474683e+00 0.00000000e+00 
2045.900000 -2.05703831e+00 0.00000000e+00 
2045.950000 -2.04106521e+00 0.00000000e+00 
2046.000000 -2.02685025e+00 0.00000000e+00 
2046.050000 -2.01423333e+00 0.00000000e+00 
2046.100000 -2.00303261e+00 0.00000000e+00 
2046.150000 -1.99262181e+00 0.00000000e+00 
2046.200000 -1.98252084e+00 0.00000000e+00 
2046.250000 -1.97186750e+00 0.00000000e+00 
2046.300000 -1.96014269e+00 0.00000000e+00 
2046.350000 -1.94680060e+00 0.00000000e+00 
2046.400000 -1.93140595e+00 0.00000000e+00 
2046.450000 -1.91372513e+00 0.00000000e+00 
2046.500000 -1.89388641e+00 0.00000000e+00 
2046.550000 -1.87197908e+00 0.00000000e+00 
2046.600000 -1.84838656e+00 0.00000000e+00 
2046.650000 -1.82374502e+00 0.00000000e+00 
2046.700000 -1.79872452e+00 0.00000000e+00 
2046.750000 -1.77409050e+00 0.00000000e+00 
2046.800000 -1.75030688e+00 0.00000000e+00 
2046.850000 -1.72808901e+00 0.00000000e+00 
2046.900000 -1.70782823e+00 0.00000000e+00 
2046.950000 -1.68954177e+00 0.00000000e+00 
2047.000000 -1.67322036e+00 0.00000000e+00 
2047.050000 -1.65888604e+00 0.00000000e+00 
2047.100000 -1.64590276e+00 0.00000000e+00 
2047.150000 -1.63348919e+00 0.00000000e+00 
2047.200000 -1.62125539e+00 0.00000000e+00 
2047.250000 -1.60840793e+00 0.00000000e+00 
2047.300000 -1.59458904e+00 0.00000000e+00 
2047.350000 -1.57929145e+00 0.00000000e+00 
2047.400000 -1.56222468e+00 0.00000000e+00 
2047.450000 -1.54313267e+00 0.00000000e+00 
2047.500000 -1.52202609e+00 0.00000000e+00 
2047.550000 -1.49941534e+00 0.00000000e+00 
2047.600000 -1.47604763e+00 0.00000000e+00 
2047.650000 -1.45243888e+00 0.00000000e+00 
2047.700000 -1.42899035e+00 0.00000000e+00 
2047.750000 -1.40638767e+00 0.00000000e+00 
2047.800000 -1.38521125e+00 0.00000000e+00 
2047.850000 -1.36587396e+00 0.00000000e+00 
2047.900000 -1.34869539e+00 0.00000000e+00 
2047.950000 -1.33340746e+00 0.00000000e+00 
2048.000000 -1.32022311e+00 0.00000000e+00 
2048.050000 -1.30872177e+00 0.00000000e+00 
2048.100000 -1.29816489e+00 0.00000000e+00 
2048.150000 -1.28802045e+00 0.00000000e+00 
2048.200000 -1.27757518e+00 0.00000000e+00 
2048.250000 -1.26649268e+00 0.00000000e+00 
2048.300000 -1.25416468e+00 0.00000000e+00 
2048.350000 -1.24055086e+00 0.00000000e+00 
2048.400000 -1.22522983e+00 0.00000000e+00 
2048.450000 -1.20859459e+00 0.00000000e+00 
2048.500000 -1.19107413e+00 0.00000000e+00 
2048.550000 -1.17291972e+00 0.00000000e+00 
2048.600000 -1.15474569e+00 0.00000000e+00 
2048.650000 -1.13697907e+00 0.00000000e+00 
2048.700000 -1.12063704e+00 0.00000000e+00 
2048.750000 -1.10607847e+00 0.00000000e+00 
2048.800000 -1.09361221e+00 0.00000000e+00 
2048.850000 -1.08335530e+00 0.00000000e+00 
2048.900000 -1.07510975e+00 0.00000000e+00 
2048.950000 -1.06868350e+00 0.00000000e+00 
2049.000000 -1.06421121e+00 0.00000000e+00 
2049.050000 -1.06067149e+00 0.00000000e+00 
2049.100000 -1.05731064e+00 0.00000000e+00 
2049.150000 -1.05391644e+00 0.00000000e+00 
2049.200000 -1.04990119e+00 0.00000000e+00 
2049.250000 -1.04424772e+00 0.00000000e+00 
2049.300000 -1.03664827e+00 0.00000000e+00 
2049.350000 -1.02704704e+00 0.00000000e+00 
2049.400000 -1.01575737e+00 0.00000000e+00 
2049.450000 -1.00353729e+00 0.00000000e+00 
2049.500000 -9.91197451e-01 0.00000000e+00 
2049.550000 -9.79369537e-01 0.00000000e+00 
2049.600000 -9.68664518e-01 0.00000000e+00 
2049.650000 -9.60514779e-01 0.00000000e+00 
2049.700000 -9.55491332e-01 0.00000000e+00 
2049.750000 -9.52977512e-01 0.00000000e+00 
2049.800000 -9.54338650e-01 0.00000000e+00 
2049.850000 -9.58916296e-01 0.00000000e+00 
2049.900000 -9.66232268e-01 0.00000000e+00 
2049.950000 -9.75512260e-01 0.00000000e+00 
2050.000000 -9.85706653e-01 0.00000000e+00 
2050.050000 -9.95824820e-01 0.00000000e+00 
2050.100000 -1.00434485e+00 0.00000000e+00 
2050.150000 -1.01070844e+00 0.00000000e+00 
2050.200000 -1.01356098e+00 0.00000000e+00 
2050.250000 -1.01194381e+00 0.00000000e+00 
2050.300000 -1.00508285e+00 0.00000000e+00 
2050.350000 -9.94736506e-01 0.00000000e+00 
2050.400000 -9.79502675e-01 0.00000000e+00 
2050.450000 -9.63008896e-01 0.00000000e+00 
2050.500000 -9.45096410e-01 0.00000000e+00 
2050.550000 -9.28386453e-01 0.00000000e+00 
2050.600000 -9.15630781e-01 0.00000000e+00 
2050.650000 -9.09070908e-01 0.00000000e+00 
2050.700000 -9.13388499e-01 0.00000000e+00 
2050.750000 -9.29127715e-01 0.00000000e+00 
2050.800000 -9.55470487e-01 0.00000000e+00 
2050.850000 -9.95208657e-01 0.00000000e+00 
2050.900000 -1.04587183e+00 0.00000000e+00 
2050.950000 -1.11022996e+00 0.00000000e+00 
2051.000000 -1.18478064e+00 0.00000000e+00 
2051.050000 -1.26778645e+00 0.00000000e+00 
2051.100000 -1.35857895e+00 0.00000000e+00 
2051.150000 -1.45646048e+00 0.00000000e+00 
