2000.000000 4.13575010e+00 0.00000000e+00 
2000.050000 3.94254398e+00 0.00000000e+00 
2000.100000 3.73614048e+00 0.00000000e+00 
2000.150000 3.53036886e+00 0.00000000e+00 
2000.200000 3.33641934e+00 0.00000000e+00 
2000.250000 3.16151953e+00 0.00000000e+00 
2000.300000 2.98130877e+00 0.00000000e+00 
2000.350000 2.79603793e+00 0.00000000e+00 
2000.400000 2.61366089e+00 0.00000000e+00 
2000.450000 2.43911185e+00 0.00000000e+00 
2000.500000 2.25803457e+00 0.00000000e+00 
2000.550000 2.08262195e+00 0.00000000e+00 
2000.600000 1.90923474e+00 0.00000000e+00 
2000.650000 1.73537071e+00 0.00000000e+00 
2000.700000 1.57433438e+00 0.00000000e+00 
2000.750000 1.41889820e+00 0.00000000e+00 
2000.800000 1.26836988e+00 0.00000000e+00 
2000.850000 1.12207006e+00 0.00000000e+00 
2000.900000 9.69596851e-01 0.00000000e+00 
2000.950000 8.18261622e-01 0.00000000e+00 
2001.000000 6.73147818e-01 0.00000000e+00 
2001.050000 5.27865068e-01 0.00000000e+00 
2001.100000 3.82709042e-01 0.00000000e+00 
2001.150000 2.40950094e-01 0.00000000e+00 
2001.200000 1.01474450e-01 0.00000000e+00 
2001.250000 -3.57952203e-02 0.00000000e+00 
2001.300000 -1.69928933e-01 0.00000000e+00 
2001.350000 -3.00782584e-01 0.00000000e+00 
2001.400000 -4.26076555e-01 0.00000000e+00 
2001.450000 -5.47187713e-01 0.00000000e+00 
2001.500000 -6.62853602e-01 0.00000000e+00 
2001.550000 -7.77307259e-01 0.00000000e+00 
2001.600000 -8.87856461e-01 0.00000000e+00 
2001.650000 -9.94186961e-01 0.00000000e+00 
2001.700000 -1.09564970e+00 0.00000000e+00 
2001.750000 -1.19454686e+00 0.00000000e+00 
2001.800000 -1.28838790e+00 0.00000000e+00 
2001.850000 -1.37815584e+00 0.00000000e+00 
2001.900000 -1.46487077e+00 0.00000000e+00 
2001.950000 -1.54841102e+00 0.00000000e+00 
2002.000000 -1.62706711e+00 0.00000000e+00 
2002.050000 -1.69892908e+00 0.00000000e+00 
2002.100000 -1.76699656e+00 0.00000000e+00 
2002.150000 -1.83164928e+00 0.00000000e+00 
2002.200000 -1.89142938e+00 0.00000000e+00 
2002.250000 -1.94679488e+00 0.00000000e+00 
2002.300000 -1.99899238e+00 0.00000000e+00 
2002.350000 -2.04808502e+00 0.00000000e+00 
2002.400000 -2.09211582e+00 0.00000000e+00 
2002.450000 -2.13029221e+00 0.00000000e+00 
2002.500000 -2.16442600e+00 0.00000000e+00 
2002.550000 -2.19450712e+00 0.00000000e+00 
2002.600000 -2.22024216e+00 0.00000000e+00 
2002.650000 -2.24180768e+00 0.00000000e+00 
2002.700000 -2.25858656e+00 0.00000000e+00 
2002.750000 -2.27049789e+00 0.00000000e+00 
2002.800000 -2.27751328e+00 0.00000000e+00 
2002.850000 -2.28092081e+00 0.00000000e+00 
2002.900000 -2.28169598e+00 0.00000000e+00 
2002.950000 -2.27813943e+00 0.00000000e+00 
2003.000000 -2.27034330e+00 0.00000000e+00 
2003.050000 -2.25964206e+00 0.00000000e+00 
2003.100000 -2.24622442e+00 0.00000000e+00 
2003.150000 -2.22997992e+00 0.00000000e+00 
2003.200000 -2.21204504e+00 0.00000000e+00 
2003.250000 -2.19092485e+00 0.00000000e+00 
2003.300000 -2.16677128e+00 0.00000000e+00 
2003.350000 -2.13983117e+00 0.00000000e+00 
2003.400000 -2.11000572e+00 0.00000000e+00 
2003.450000 -2.07681684e+00 0.00000000e+00 
2003.500000 -2.04042244e+00 0.00000000e+00 
2003.550000 -2.00101499e+00 0.00000000e+00 
2003.600000 -1.95782693e+00 0.00000000e+00 
2003.650000 -1.91090750e+00 0.00000000e+00 
2003.700000 -1.86042907e+00 0.00000000e+00 
2003.750000 -1.80660259e+00 0.00000000e+00 
2003.800000 -1.74889596e+00 0.00000000e+00 
2003.850000 -1.68876700e+00 0.00000000e+00 
2003.900000 -1.62539584e+00 0.00000000e+00 
2003.950000 -1.56099943e+00 0.00000000e+00 
2004.000000 -1.49442125e+00 0.00000000e+00 
2004.050000 -1.42620091e+00 0.00000000e+00 
2004.100000 -1.35723236e+00 0.00000000e+00 
2004.150000 -1.28604868e+00 0.00000000e+00 
2004.200000 -1.21389396e+00 0.00000000e+00 
2004.250000 -1.13974757e+00 0.00000000e+00 
2004.300000 -1.06359278e+00 0.00000000e+00 
2004.350000 -9.86231991e-01 0.00000000e+00 
2004.400000 -9.07858754e-01 0.00000000e+00 
2004.450000 -8.27992119e-01 0.00000000e+00 
2004.500000 -7.46685859e-01 0.00000000e+00 
2004.550000 -6.65051090e-01 0.00000000e+00 
2004.600000 -5.81999864e-01 0.00000000e+00 
2004.650000 -4.96949417e-01 0.00000000e+00 
2004.700000 -4.10961312e-01 0.00000000e+00 
2004.750000 -3.25045703e-01 0.00000000e+00 
2004.800000 -2.38554539e-01 0.00000000e+00 
2004.850000 -1.52030487e-01 0.00000000e+00 
2004.900000 -6.55934521e-02 0.00000000e+00 
2004.950000 2.05674098e-02 0.00000000e+00 
2005.000000 1.06869312e-01 0.00000000e+00 
2005.050000 1.92954539e-01 0.00000000e+00 
2005.100000 2.78420032e-01 0.00000000e+00 
2005.150000 3.63646315e-01 0.00000000e+00 
2005.200000 4.47473702e-01 0.00000000e+00 
2005.250000 5.30094296e-01 0.00000000e+00 
2005.300000 6.12237130e-01 0.00000000e+00 
2005.350000 6.93456015e-01 0.00000000e+00 
2005.400000 7.73810251e-01 0.00000000e+00 
2005.450000 8.52789615e-01 0.00000000e+00 
2005.500000 9.31229105e-01 0.00000000e+00 
2005.550000 1.00838995e+00 0.00000000e+00 
2005.600000 1.08406324e+00 0.00000000e+00 
2005.650000 1.15773744e+00 0.00000000e+00 
2005.700000 1.22996317e+00 0.00000000e+00 
2005.750000 1.30005191e+00 0.00000000e+00 
2005.800000 1.36843440e+00 0.00000000e+00 
2005.850000 1.43547946e+00 0.00000000e+00 
2005.900000 1.50046108e+00 0.00000000e+00 
2005.950000 1.56303195e+00 0.00000000e+00 
2006.000000 1.62378119e+00 0.00000000e+00 
2006.050000 1.68221410e+00 0.00000000e+00 
2006.100000 1.73868291e+00 0.00000000e+00 
2006.150000 1.79293936e+00 0.00000000e+00 
2006.200000 1.84437013e+00 0.00000000e+00 
2006.250000 1.89344740e+00 0.00000000e+00 
2006.300000 1.94043203e+00 0.00000000e+00 
2006.350000 1.98464637e+00 0.00000000e+00 
2006.400000 2.02571702e+00 0.00000000e+00 
2006.450000 2.06379865e+00 0.00000000e+00 
2006.500000 2.09918794e+00 0.00000000e+00 
2006.550000 2.13171677e+00 0.00000000e+00 
2006.600000 2.16152945e+00 0.00000000e+00 
2006.650000 2.18881255e+00 0.00000000e+00 
2006.700000 2.21354131e+00 0.00000000e+00 
2006.750000 2.23526300e+00 0.00000000e+00 
2006.800000 2.25448482e+00 0.00000000e+00 
2006.850000 2.27106861e+00 0.00000000e+00 
2006.900000 2.28501564e+00 0.00000000e+00 
2006.950000 2.29610435e+00 0.00000000e+00 
2007.000000 2.30488005e+00 0.00000000e+00 
2007.050000 2.31085116e+00 0.00000000e+00 
2007.100000 2.31414386e+00 0.00000000e+00 
2007.150000 2.31454682e+00 0.00000000e+00 
2007.200000 2.31233588e+00 0.00000000e+00 
2007.250000 2.30742941e+00 0.00000000e+00 
2007.300000 2.29971688e+00 0.00000000e+00 
2007.350000 2.28897493e+00 0.00000000e+00 
2007.400000 2.27553533e+00 0.00000000e+00 
2007.450000 2.25944174e+00 0.00000000e+00 
2007.500000 2.24142657e+00 0.00000000e+00 
2007.550000 2.22061845e+00 0.00000000e+00 
2007.600000 2.19805794e+00 0.00000000e+00 
2007.650000 2.17314680e+00 0.00000000e+00 
2007.700000 2.14618875e+00 0.00000000e+00 
2007.750000 2.11759178e+00 0.00000000e+00 
2007.800000 2.08703680e+00 0.00000000e+00 
2007.850000 2.05461488e+00 0.00000000e+00 
2007.900000 2.01965437e+00 0.00000000e+00 
2007.950000 1.98270680e+00 0.00000000e+00 
2008.000000 1.94390429e+00 0.00000000e+00 
2008.050000 1.90298817e+00 0.00000000e+00 
2008.100000 1.86036213e+00 0.00000000e+00 
2008.150000 1.81576319e+00 0.00000000e+00 
2008.200000 1.76939777e+00 0.00000000e+00 
2008.250000 1.72163451e+00 0.00000000e+00 
2008.300000 1.67201530e+00 0.00000000e+00 
2008.350000 1.62116905e+00 0.00000000e+00 
2008.400000 1.56871869e+00 0.00000000e+00 
2008.450000 1.51494848e+00 0.00000000e+00 
2008.500000 1.46010952e+00 0.00000000e+00 
2008.550000 1.40402816e+00 0.00000000e+00 
2008.600000 1.34705739e+00 0.00000000e+00 
2008.650000 1.28919485e+00 0.00000000e+00 
2008.700000 1.23062030e+00 0.00000000e+00 
2008.750000 1.17143525e+00 0.00000000e+00 
2008.800000 1.11175851e+00 0.00000000e+00 
2008.850000 1.05157953e+00 0.00000000e+00 
2008.900000 9.90393187e-01 0.00000000e+00 
2008.950000 9.28737401e-01 0.00000000e+00 
2009.000000 8.67239049e-01 0.00000000e+00 
2009.050000 8.05301467e-01 0.00000000e+00 
2009.100000 7.43414108e-01 0.00000000e+00 
2009.150000 6.81513154e-01 0.00000000e+00 
2009.200000 6.19470733e-01 0.00000000e+00 
2009.250000 5.57505669e-01 0.00000000e+00 
2009.300000 4.95062705e-01 0.00000000e+00 
2009.350000 4.32484833e-01 0.00000000e+00 
2009.400000 3.70325867e-01 0.00000000e+00 
2009.450000 3.08602565e-01 0.00000000e+00 
2009.500000 2.47228742e-01 0.00000000e+00 
2009.550000 1.86432106e-01 0.00000000e+00 
2009.600000 1.26563290e-01 0.00000000e+00 
2009.650000 6.72238475e-02 0.00000000e+00 
2009.700000 8.98060784e-03 0.00000000e+00 
2009.750000 -4.82024484e-02 0.00000000e+00 
2009.800000 -1.04343960e-01 0.00000000e+00 
2009.850000 -1.59435001e-01 0.00000000e+00 
2009.900000 -2.13591739e-01 0.00000000e+00 
2009.950000 -2.67254247e-01 0.00000000e+00 
2010.000000 -3.19667527e-01 0.00000000e+00 
2010.050000 -3.70503509e-01 0.00000000e+00 
2010.100000 -4.20205948e-01 0.00000000e+00 
2010.150000 -4.68713401e-01 0.00000000e+00 
2010.200000 -5.16029052e-01 0.00000000e+00 
2010.250000 -5.62314383e-01 0.00000000e+00 
2010.300000 -6.07321839e-01 0.00000000e+00 
2010.350000 -6.50500557e-01 0.00000000e+00 
2010.400000 -6.91896533e-01 0.00000000e+00 
2010.450000 -7.31440755e-01 0.00000000e+00 
2010.500000 -7.69503380e-01 0.00000000e+00 
2010.550000 -8.05981054e-01 0.00000000e+00 
2010.600000 -8.40889232e-01 0.00000000e+00 
2010.650000 -8.73767376e-01 0.00000000e+00 
2010.700000 -9.04816911e-01 0.00000000e+00 
2010.750000 -9.34456531e-01 0.00000000e+00 
2010.800000 -9.62626445e-01 0.00000000e+00 
2010.850000 -9.89250597e-01 0.00000000e+00 
2010.900000 -1.01409535e+00 0.00000000e+00 
2010.950000 -1.03694515e+00 0.00000000e+00 
2011.000000 -1.05813634e+00 0.00000000e+00 
2011.050000 -1.07815432e+00 0.00000000e+00 
2011.100000 -1.09638112e+00 0.00000000e+00 
2011.150000 -1.11273010e+00 0.00000000e+00 
2011.200000 -1.12745708e+00 0.00000000e+00 
2011.250000 -1.14058125e+00 0.00000000e+00 
2011.300000 -1.15209041e+00 0.00000000e+00 
2011.350000 -1.16194187e+00 0.00000000e+00 
2011.400000 -1.17044926e+00 0.00000000e+00 
2011.450000 -1.17712504e+00 0.00000000e+00 
2011.500000 -1.18218688e+00 0.00000000e+00 
2011.550000 -1.18537831e+00 0.00000000e+00 
2011.600000 -1.18669113e+00 0.00000000e+00 
2011.650000 -1.18628198e+00 0.00000000e+00 
2011.700000 -1.18449101e+00 0.00000000e+00 
2011.750000 -1.18153843e+00 0.00000000e+00 
2011.800000 -1.17734670e+00 0.00000000e+00 
2011.850000 -1.17137355e+00 0.00000000e+00 
2011.900000 -1.16395621e+00 0.00000000e+00 
2011.950000 -1.15519677e+00 0.00000000e+00 
2012.000000 -1.14499948e+00 0.00000000e+00 
2012.050000 -1.13381065e+00 0.00000000e+00 
2012.100000 -1.12142593e+00 0.00000000e+00 
2012.150000 -1.10779177e+00 0.00000000e+00 
2012.200000 -1.09303226e+00 0.00000000e+00 
2012.250000 -1.07711488e+00 0.00000000e+00 
2012.300000 -1.06032485e+00 0.00000000e+00 
2012.350000 -1.04204604e+00 0.00000000e+00 
2012.400000 -1.02294077e+00 0.00000000e+00 
2012.450000 -1.00291989e+00 0.00000000e+00 
2012.500000 -9.82141430e-01 0.00000000e+00 
2012.550000 -9.60188719e-01 0.00000000e+00 
2012.600000 -9.37334396e-01 0.00000000e+00 
2012.650000 -9.13648507e-01 0.00000000e+00 
2012.700000 -8.89241289e-01 0.00000000e+00 
2012.750000 -8.63988288e-01 0.00000000e+00 
2012.800000 -8.38190303e-01 0.00000000e+00 
2012.850000 -8.12106766e-01 0.00000000e+00 
2012.900000 -7.85806145e-01 0.00000000e+00 
2012.950000 -7.59638947e-01 0.00000000e+00 
2013.000000 -7.32848629e-01 0.00000000e+00 
2013.050000 -7.05971879e-01 0.00000000e+00 
2013.100000 -6.78731469e-01 0.00000000e+00 
2013.150000 -6.51315973e-01 0.00000000e+00 
2013.200000 -6.24184139e-01 0.00000000e+00 
2013.250000 -5.96639345e-01 0.00000000e+00 
2013.300000 -5.69130384e-01 0.00000000e+00 
2013.350000 -5.41331035e-01 0.00000000e+00 
2013.400000 -5.13708681e-01 0.00000000e+00 
2013.450000 -4.85964446e-01 0.00000000e+00 
2013.500000 -4.58270672e-01 0.00000000e+00 
2013.550000 -4.31043428e-01 0.00000000e+00 
2013.600000 -4.04041768e-01 0.00000000e+00 
2013.650000 -3.77303086e-01 0.00000000e+00 
2013.700000 -3.50688932e-01 0.00000000e+00 
2013.750000 -3.24450733e-01 0.00000000e+00 
2013.800000 -2.98812284e-01 0.00000000e+00 
2013.850000 -2.73689082e-01 0.00000000e+00 
2013.900000 -2.49510722e-01 0.00000000e+00 
2013.950000 -2.26087922e-01 0.00000000e+00 
2014.000000 -2.03357256e-01 0.00000000e+00 
2014.050000 -1.81587256e-01 0.00000000e+00 
2014.100000 -1.60866696e-01 0.00000000e+00 
2014.150000 -1.40999840e-01 0.00000000e+00 
2014.200000 -1.22089388e-01 0.00000000e+00 
2014.250000 -1.04076224e-01 0.00000000e+00 
2014.300000 -8.68323226e-02 0.00000000e+00 
2014.350000 -7.02624083e-02 0.00000000e+00 
2014.400000 -5.45209842e-02 0.00000000e+00 
2014.450000 -3.96315142e-02 0.00000000e+00 
2014.500000 -2.55897148e-02 0.00000000e+00 
2014.550000 -1.23349430e-02 0.00000000e+00 
2014.600000 -2.62097713e-05 0.00000000e+00 
2014.650000 1.13379139e-02 0.00000000e+00 
2014.700000 2.17091073e-02 0.00000000e+00 
2014.750000 3.09267969e-02 0.00000000e+00 
2014.800000 3.89453849e-02 0.00000000e+00 
2014.850000 4.59256118e-02 0.00000000e+00 
2014.900000 5.18966764e-02 0.00000000e+00 
2014.950000 5.69373917e-02 0.00000000e+00 
2015.000000 4.63498155e-02 0.00000000e+00 
2015.050000 3.55405255e-02 0.00000000e+00 
2015.100000 2.48378753e-02 0.00000000e+00 
2015.150000 1.38399341e-02 0.00000000e+00 
2015.200000 2.72537556e-03 0.00000000e+00 
2015.250000 -8.98342060e-03 0.00000000e+00 
2015.300000 -2.04062999e-02 0.00000000e+00 
2015.350000 -3.19341500e-02 0.00000000e+00 
2015.400000 -4.34954266e-02 0.00000000e+00 
2015.450000 -5.52103892e-02 0.00000000e+00 
2015.500000 -6.65791134e-02 0.00000000e+00 
2015.550000 -7.82037671e-02 0.00000000e+00 
2015.600000 -9.00378318e-02 0.00000000e+00 
2015.650000 -1.01560487e-01 0.00000000e+00 
2015.700000 -1.13871218e-01 0.00000000e+00 
2015.750000 -1.26310313e-01 0.00000000e+00 
2015.800000 -1.38858420e-01 0.00000000e+00 
2015.850000 -1.51602724e-01 0.00000000e+00 
2015.900000 -1.63387444e-01 0.00000000e+00 
2015.950000 -1.75007938e-01 0.00000000e+00 
2016.000000 -1.86881897e-01 0.00000000e+00 
2016.050000 -1.98493053e-01 0.00000000e+00 
2016.100000 -2.09556112e-01 0.00000000e+00 
2016.150000 -2.20634917e-01 0.00000000e+00 
2016.200000 -2.31219246e-01 0.00000000e+00 
2016.250000 -2.41707624e-01 0.00000000e+00 
2016.300000 -2.51893802e-01 0.00000000e+00 
2016.350000 -2.61770459e-01 0.00000000e+00 
2016.400000 -2.71662571e-01 0.00000000e+00 
2016.450000 -2.81401868e-01 0.00000000e+00 
2016.500000 -2.91183845e-01 0.00000000e+00 
2016.550000 -3.00521559e-01 0.00000000e+00 
2016.600000 -3.09327209e-01 0.00000000e+00 
2016.650000 -3.17750289e-01 0.00000000e+00 
2016.700000 -3.25716559e-01 0.00000000e+00 
2016.750000 -3.32998103e-01 0.00000000e+00 
2016.800000 -3.40053509e-01 0.00000000e+00 
2016.850000 -3.46724153e-01 0.00000000e+00 
2016.900000 -3.52585513e-01 0.00000000e+00 
2016.950000 -3.57850353e-01 0.00000000e+00 
2017.000000 -3.63021998e-01 0.00000000e+00 
2017.050000 -3.68150265e-01 0.00000000e+00 
2017.100000 -3.72829624e-01 0.00000000e+00 
2017.150000 -3.77123099e-01 0.00000000e+00 
2017.200000 -3.81232624e-01 0.00000000e+00 
2017.250000 -3.85284844e-01 0.00000000e+00 
2017.300000 -3.88909754e-01 0.00000000e+00 
2017.350000 -3.91787884e-01 0.00000000e+00 
2017.400000 -3.94144300e-01 0.00000000e+00 
2017.450000 -3.96515691e-01 0.00000000e+00 
2017.500000 -3.98525830e-01 0.00000000e+00 
2017.550000 -3.99995117e-01 0.00000000e+00 
2017.600000 -4.00744998e-01 0.00000000e+00 
2017.650000 -4.01087408e-01 0.00000000e+00 
2017.700000 -4.01071114e-01 0.00000000e+00 
2017.750000 -4.00697198e-01 0.00000000e+00 
2017.800000 -4.00026528e-01 0.00000000e+00 
2017.850000 -3.98839697e-01 0.00000000e+00 
2017.900000 -3.96771741e-01 0.00000000e+00 
2017.950000 -3.94681397e-01 0.00000000e+00 
2018.000000 -3.92295635e-01 0.00000000e+00 
2018.050000 -3.89316326e-01 0.00000000e+00 
2018.100000 -3.85790636e-01 0.00000000e+00 
2018.150000 -3.81603251e-01 0.00000000e+00 
2018.200000 -3.76631329e-01 0.00000000e+00 
2018.250000 -3.70901522e-01 0.00000000e+00 
2018.300000 -3.64603540e-01 0.00000000e+00 
2018.350000 -3.57352194e-01 0.00000000e+00 
2018.400000 -3.49452964e-01 0.00000000e+00 
2018.450000 -3.40897295e-01 0.00000000e+00 
2018.500000 -3.31652287e-01 0.00000000e+00 
2018.550000 -3.22078300e-01 0.00000000e+00 
2018.600000 -3.12129008e-01 0.00000000e+00 
2018.650000 -3.02122494e-01 0.00000000e+00 
2018.700000 -2.91710803e-01 0.00000000e+00 
2018.750000 -2.81216466e-01 0.00000000e+00 
2018.800000 -2.70695729e-01 0.00000000e+00 
2018.850000 -2.59673040e-01 0.00000000e+00 
2018.900000 -2.48717171e-01 0.00000000e+00 
2018.950000 -2.37155182e-01 0.00000000e+00 
2019.000000 -2.25304769e-01 0.00000000e+00 
2019.050000 -2.13082204e-01 0.00000000e+00 
2019.100000 -2.00307890e-01 0.00000000e+00 
2019.150000 -1.87182519e-01 0.00000000e+00 
2019.200000 -1.73425464e-01 0.00000000e+00 
2019.250000 -1.59470421e-01 0.00000000e+00 
2019.300000 -1.45682053e-01 0.00000000e+00 
2019.350000 -1.31568638e-01 0.00000000e+00 
2019.400000 -1.17200713e-01 0.00000000e+00 
2019.450000 -1.02712735e-01 0.00000000e+00 
2019.500000 -8.80357452e-02 0.00000000e+00 
2019.550000 -7.30346443e-02 0.00000000e+00 
2019.600000 -5.80321560e-02 0.00000000e+00 
2019.650000 -4.34531827e-02 0.00000000e+00 
2019.700000 -2.88721452e-02 0.00000000e+00 
2019.750000 -1.41206213e-02 0.00000000e+00 
2019.800000 4.50972549e-04 0.00000000e+00 
2019.850000 1.51531180e-02 0.00000000e+00 
2019.900000 2.99352608e-02 0.00000000e+00 
2019.950000 4.48103934e-02 0.00000000e+00 
2020.000000 5.95192719e-02 0.00000000e+00 
2020.050000 7.43454403e-02 0.00000000e+00 
2020.100000 8.91513994e-02 0.00000000e+00 
2020.150000 1.03586574e-01 0.00000000e+00 
2020.200000 1.18481984e-01 0.00000000e+00 
2020.250000 1.33540982e-01 0.00000000e+00 
2020.300000 1.48060778e-01 0.00000000e+00 
2020.350000 1.62471797e-01 0.00000000e+00 
2020.400000 1.76494018e-01 0.00000000e+00 
2020.450000 1.90479521e-01 0.00000000e+00 
2020.500000 2.03581026e-01 0.00000000e+00 
2020.550000 2.16597202e-01 0.00000000e+00 
2020.600000 2.29635423e-01 0.00000000e+00 
2020.650000 2.42653881e-01 0.00000000e+00 
2020.700000 2.55655493e-01 0.00000000e+00 
2020.750000 2.68639421e-01 0.00000000e+00 
2020.800000 2.81329435e-01 0.00000000e+00 
2020.850000 2.93498329e-01 0.00000000e+00 
2020.900000 3.05370857e-01 0.00000000e+00 
2020.950000 3.17148799e-01 0.00000000e+00 
2021.000000 3.28397324e-01 0.00000000e+00 
2021.050000 3.39279473e-01 0.00000000e+00 
2021.100000 3.49749787e-01 0.00000000e+00 
2021.150000 3.59680315e-01 0.00000000e+00 
2021.200000 3.69239747e-01 0.00000000e+00 
2021.250000 3.78425132e-01 0.00000000e+00 
2021.300000 3.87065762e-01 0.00000000e+00 
2021.350000 3.95410276e-01 0.00000000e+00 
2021.400000 4.03918869e-01 0.00000000e+00 
2021.450000 4.12226699e-01 0.00000000e+00 
2021.500000 4.20496611e-01 0.00000000e+00 
2021.550000 4.28626559e-01 0.00000000e+00 
2021.600000 4.36710735e-01 0.00000000e+00 
2021.650000 4.44537054e-01 0.00000000e+00 
2021.700000 4.52301761e-01 0.00000000e+00 
2021.750000 4.59771009e-01 0.00000000e+00 
2021.800000 4.66811849e-01 0.00000000e+00 
2021.850000 4.73184157e-01 0.00000000e+00 
2021.900000 4.78718006e-01 0.00000000e+00 
2021.950000 4.84097140e-01 0.00000000e+00 
2022.000000 4.88568688e-01 0.00000000e+00 
2022.050000 4.92331486e-01 0.00000000e+00 
2022.100000 4.95479522e-01 0.00000000e+00 
2022.150000 4.98379734e-01 0.00000000e+00 
2022.200000 5.00882850e-01 0.00000000e+00 
2022.250000 5.02673705e-01 0.00000000e+00 
2022.300000 5.04139816e-01 0.00000000e+00 
2022.350000 5.05480762e-01 0.00000000e+00 
2022.400000 5.06779321e-01 0.00000000e+00 
2022.450000 5.07913382e-01 0.00000000e+00 
2022.500000 5.08532627e-01 0.00000000e+00 
2022.550000 5.09104887e-01 0.00000000e+00 
2022.600000 5.08821794e-01 0.00000000e+00 
2022.650000 5.08157156e-01 0.00000000e+00 
2022.700000 5.06917793e-01 0.00000000e+00 
2022.750000 5.05025729e-01 0.00000000e+00 
2022.800000 5.02696603e-01 0.00000000e+00 
2022.850000 4.99428548e-01 0.00000000e+00 
2022.900000 4.96169194e-01 0.00000000e+00 
2022.950000 4.92419561e-01 0.00000000e+00 
2023.000000 4.88040788e-01 0.00000000e+00 
2023.050000 4.83405637e-01 0.00000000e+00 
2023.100000 4.78173347e-01 0.00000000e+00 
2023.150000 4.72596140e-01 0.00000000e+00 
2023.200000 4.66669517e-01 0.00000000e+00 
2023.250000 4.60093901e-01 0.00000000e+00 
2023.300000 4.53299419e-01 0.00000000e+00 
2023.350000 4.45911645e-01 0.00000000e+00 
2023.400000 4.38254596e-01 0.00000000e+00 
2023.450000 4.30569207e-01 0.00000000e+00 
2023.500000 4.22776251e-01 0.00000000e+00 
2023.550000 4.14960318e-01 0.00000000e+00 
2023.600000 4.06679961e-01 0.00000000e+00 
2023.650000 3.97825782e-01 0.00000000e+00 
2023.700000 3.88419252e-01 0.00000000e+00 
2023.750000 3.78457356e-01 0.00000000e+00 
2023.800000 3.68119784e-01 0.00000000e+00 
2023.850000 3.57371501e-01 0.00000000e+00 
2023.900000 3.46708518e-01 0.00000000e+00 
2023.950000 3.35672670e-01 0.00000000e+00 
2024.000000 3.23832357e-01 0.00000000e+00 
2024.050000 3.12065643e-01 0.00000000e+00 
2024.100000 3.00045259e-01 0.00000000e+00 
2024.150000 2.87551462e-01 0.00000000e+00 
2024.200000 2.75116941e-01 0.00000000e+00 
2024.250000 2.62063627e-01 0.00000000e+00 
2024.300000 2.49426805e-01 0.00000000e+00 
2024.350000 2.37186410e-01 0.00000000e+00 
2024.400000 2.24633267e-01 0.00000000e+00 
2024.450000 2.11733706e-01 0.00000000e+00 
2024.500000 1.98654108e-01 0.00000000e+00 
2024.550000 1.85392265e-01 0.00000000e+00 
2024.600000 1.71728824e-01 0.00000000e+00 
2024.650000 1.58115109e-01 0.00000000e+00 
2024.700000 1.44217442e-01 0.00000000e+00 
2024.750000 1.29955330e-01 0.00000000e+00 
2024.800000 1.15676277e-01 0.00000000e+00 
2024.850000 1.01176368e-01 0.00000000e+00 
2024.900000 8.66551889e-02 0.00000000e+00 
2024.950000 7.25824559e-02 0.00000000e+00 
2025.000000 5.83841066e-02 0.00000000e+00 
2025.050000 4.36875073e-02 0.00000000e+00 
2025.100000 2.87931717e-02 0.00000000e+00 
2025.150000 1.37754635e-02 0.00000000e+00 
2025.200000 -1.10495173e-03 0.00000000e+00 
2025.250000 -1.56850563e-02 0.00000000e+00 
2025.300000 -3.03737511e-02 0.00000000e+00 
2025.350000 -4.54367433e-02 0.00000000e+00 
2025.400000 -6.07710633e-02 0.00000000e+00 
2025.450000 -7.64982361e-02 0.00000000e+00 
2025.500000 -9.22418068e-02 0.00000000e+00 
2025.550000 -1.07706965e-01 0.00000000e+00 
2025.600000 -1.23322475e-01 0.00000000e+00 
2025.650000 -1.39145226e-01 0.00000000e+00 
2025.700000 -1.54951917e-01 0.00000000e+00 
2025.750000 -1.70394503e-01 0.00000000e+00 
2025.800000 -1.85555376e-01 0.00000000e+00 
2025.850000 -2.00463896e-01 0.00000000e+00 
2025.900000 -2.15161648e-01 0.00000000e+00 
2025.950000 -2.30147063e-01 0.00000000e+00 
2026.000000 -2.45008572e-01 0.00000000e+00 
2026.050000 -2.59057284e-01 0.00000000e+00 
2026.100000 -2.72922082e-01 0.00000000e+00 
2026.150000 -2.86773890e-01 0.00000000e+00 
2026.200000 -3.00252165e-01 0.00000000e+00 
2026.250000 -3.13690537e-01 0.00000000e+00 
2026.300000 -3.27034088e-01 0.00000000e+00 
2026.350000 -3.40261551e-01 0.00000000e+00 
2026.400000 -3.52897959e-01 0.00000000e+00 
2026.450000 -3.65390137e-01 0.00000000e+00 
2026.500000 -3.77208893e-01 0.00000000e+00 
2026.550000 -3.88808709e-01 0.00000000e+00 
2026.600000 -4.00187807e-01 0.00000000e+00 
2026.650000 -4.11236192e-01 0.00000000e+00 
2026.700000 -4.21604384e-01 0.00000000e+00 
2026.750000 -4.31175326e-01 0.00000000e+00 
2026.800000 -4.39833198e-01 0.00000000e+00 
2026.850000 -4.48517223e-01 0.00000000e+00 
2026.900000 -4.56589302e-01 0.00000000e+00 
2026.950000 -4.64036733e-01 0.00000000e+00 
2027.000000 -4.71353607e-01 0.00000000e+00 
2027.050000 -4.77826804e-01 0.00000000e+00 
2027.100000 -4.83742895e-01 0.00000000e+00 
2027.150000 -4.89212363e-01 0.00000000e+00 
2027.200000 -4.94377114e-01 0.00000000e+00 
2027.250000 -4.98917372e-01 0.00000000e+00 
2027.300000 -5.02787574e-01 0.00000000e+00 
2027.350000 -5.06906238e-01 0.00000000e+00 
2027.400000 -5.10451422e-01 0.00000000e+00 
2027.450000 -5.13350644e-01 0.00000000e+00 
2027.500000 -5.15461715e-01 0.00000000e+00 
2027.550000 -5.17532982e-01 0.00000000e+00 
2027.600000 -5.19139807e-01 0.00000000e+00 
2027.650000 -5.20339164e-01 0.00000000e+00 
2027.700000 -5.20816040e-01 0.00000000e+00 
2027.750000 -5.21341017e-01 0.00000000e+00 
2027.800000 -5.21250847e-01 0.00000000e+00 
2027.850000 -5.20402605e-01 0.00000000e+00 
2027.900000 -5.18600478e-01 0.00000000e+00 
2027.950000 -5.15808687e-01 0.00000000e+00 
2028.000000 -5.12721736e-01 0.00000000e+00 
2028.050000 -5.09110258e-01 0.00000000e+00 
2028.100000 -5.05168295e-01 0.00000000e+00 
2028.150000 -5.00732143e-01 0.00000000e+00 
2028.200000 -4.95371476e-01 0.00000000e+00 
2028.250000 -4.90121104e-01 0.00000000e+00 
2028.300000 -4.84311673e-01 0.00000000e+00 
2028.350000 -4.78551590e-01 0.00000000e+00 
2028.400000 -4.72206594e-01 0.00000000e+00 
2028.450000 -4.65865973e-01 0.00000000e+00 
2028.500000 -4.59154405e-01 0.00000000e+00 
2028.550000 -4.51673129e-01 0.00000000e+00 
2028.600000 -4.43523064e-01 0.00000000e+00 
2028.650000 -4.34854162e-01 0.00000000e+00 
2028.700000 -4.25727252e-01 0.00000000e+00 
2028.750000 -4.16045230e-01 0.00000000e+00 
2028.800000 -4.05669055e-01 0.00000000e+00 
2028.850000 -3.94811538e-01 0.00000000e+00 
2028.900000 -3.82763656e-01 0.00000000e+00 
2028.950000 -3.70189295e-01 0.00000000e+00 
2029.000000 -3.57074318e-01 0.00000000e+00 
2029.050000 -3.43171997e-01 0.00000000e+00 
2029.100000 -3.28603130e-01 0.00000000e+00 
2029.150000 -3.13462135e-01 0.00000000e+00 
2029.200000 -2.97643450e-01 0.00000000e+00 
2029.250000 -2.81482381e-01 0.00000000e+00 
2029.300000 -2.65248237e-01 0.00000000e+00 
2029.350000 -2.48932447e-01 0.00000000e+00 
2029.400000 -2.32317475e-01 0.00000000e+00 
2029.450000 -2.15478028e-01 0.00000000e+00 
2029.500000 -1.98385010e-01 0.00000000e+00 
2029.550000 -1.80794186e-01 0.00000000e+00 
2029.600000 -1.62995725e-01 0.00000000e+00 
2029.650000 -1.44819209e-01 0.00000000e+00 
2029.700000 -1.26465690e-01 0.00000000e+00 
2029.750000 -1.07544188e-01 0.00000000e+00 
2029.800000 -8.82103344e-02 0.00000000e+00 
2029.850000 -6.87968750e-02 0.00000000e+00 
2029.900000 -4.92596090e-02 0.00000000e+00 
2029.950000 -2.95529725e-02 0.00000000e+00 
2030.000000 -9.73121685e-03 0.00000000e+00 
2030.050000 1.05124707e-02 0.00000000e+00 
2030.100000 3.09082599e-02 0.00000000e+00 
2030.150000 5.22089073e-02 0.00000000e+00 
2030.200000 7.35397552e-02 0.00000000e+00 
2030.250000 9.50220278e-02 0.00000000e+00 
2030.300000 1.15838775e-01 0.00000000e+00 
2030.350000 1.37074570e-01 0.00000000e+00 
2030.400000 1.58511977e-01 0.00000000e+00 
2030.450000 1.79920189e-01 0.00000000e+00 
2030.500000 2.01333420e-01 0.00000000e+00 
2030.550000 2.22924941e-01 0.00000000e+00 
2030.600000 2.44957835e-01 0.00000000e+00 
2030.650000 2.66976526e-01 0.00000000e+00 
2030.700000 2.89347625e-01 0.00000000e+00 
2030.750000 3.11540361e-01 0.00000000e+00 
2030.800000 3.33699633e-01 0.00000000e+00 
2030.850000 3.55508119e-01 0.00000000e+00 
2030.900000 3.76558248e-01 0.00000000e+00 
2030.950000 3.97317135e-01 0.00000000e+00 
2031.000000 4.18344689e-01 0.00000000e+00 
2031.050000 4.38986508e-01 0.00000000e+00 
2031.100000 4.58939932e-01 0.00000000e+00 
2031.150000 4.78683502e-01 0.00000000e+00 
2031.200000 4.97603629e-01 0.00000000e+00 
2031.250000 5.16485739e-01 0.00000000e+00 
2031.300000 5.34440341e-01 0.00000000e+00 
2031.350000 5.51674328e-01 0.00000000e+00 
2031.400000 5.68474065e-01 0.00000000e+00 
2031.450000 5.85271477e-01 0.00000000e+00 
2031.500000 6.01952049e-01 0.00000000e+00 
2031.550000 6.18210929e-01 0.00000000e+00 
2031.600000 6.33874110e-01 0.00000000e+00 
2031.650000 6.48819328e-01 0.00000000e+00 
2031.700000 6.62981215e-01 0.00000000e+00 
2031.750000 6.76659722e-01 0.00000000e+00 
2031.800000 6.89686022e-01 0.00000000e+00 
2031.850000 7.02245581e-01 0.00000000e+00 
2031.900000 7.13483524e-01 0.00000000e+00 
2031.950000 7.23863816e-01 0.00000000e+00 
2032.000000 7.33807171e-01 0.00000000e+00 
2032.050000 7.42930414e-01 0.00000000e+00 
2032.100000 7.51342157e-01 0.00000000e+00 
2032.150000 7.59062725e-01 0.00000000e+00 
2032.200000 7.65965335e-01 0.00000000e+00 
2032.250000 7.72363405e-01 0.00000000e+00 
2032.300000 7.78074034e-01 0.00000000e+00 
2032.350000 7.82739101e-01 0.00000000e+00 
2032.400000 7.86482788e-01 0.00000000e+00 
2032.450000 7.90052771e-01 0.00000000e+00 
2032.500000 7.93303185e-01 0.00000000e+00 
2032.550000 7.95922199e-01 0.00000000e+00 
2032.600000 7.97463995e-01 0.00000000e+00 
2032.650000 7.98321845e-01 0.00000000e+00 
2032.700000 7.98425146e-01 0.00000000e+00 
2032.750000 7.97756385e-01 0.00000000e+00 
2032.800000 7.96074448e-01 0.00000000e+00 
2032.850000 7.93563100e-01 0.00000000e+00 
2032.900000 7.90071546e-01 0.00000000e+00 
2032.950000 7.86350690e-01 0.00000000e+00 
2033.000000 7.81965562e-01 0.00000000e+00 
2033.050000 7.76805776e-01 0.00000000e+00 
2033.100000 7.71105095e-01 0.00000000e+00 
2033.150000 7.64506059e-01 0.00000000e+00 
2033.200000 7.57277827e-01 0.00000000e+00 
2033.250000 7.49031846e-01 0.00000000e+00 
2033.300000 7.40070413e-01 0.00000000e+00 
2033.350000 7.29933460e-01 0.00000000e+00 
2033.400000 7.18825175e-01 0.00000000e+00 
2033.450000 7.06758083e-01 0.00000000e+00 
2033.500000 6.93561744e-01 0.00000000e+00 
2033.550000 6.79809576e-01 0.00000000e+00 
2033.600000 6.65105213e-01 0.00000000e+00 
2033.650000 6.50046096e-01 0.00000000e+00 
2033.700000 6.33801987e-01 0.00000000e+00 
2033.750000 6.17383566e-01 0.00000000e+00 
2033.800000 6.00508070e-01 0.00000000e+00 
2033.850000 5.82883074e-01 0.00000000e+00 
2033.900000 5.64866490e-01 0.00000000e+00 
2033.950000 5.46405803e-01 0.00000000e+00 
2034.000000 5.27398184e-01 0.00000000e+00 
2034.050000 5.08159518e-01 0.00000000e+00 
2034.100000 4.88640160e-01 0.00000000e+00 
2034.150000 4.68387122e-01 0.00000000e+00 
2034.200000 4.47687497e-01 0.00000000e+00 
2034.250000 4.26241319e-01 0.00000000e+00 
2034.300000 4.04732615e-01 0.00000000e+00 
2034.350000 3.82800031e-01 0.00000000e+00 
2034.400000 3.60374094e-01 0.00000000e+00 
2034.450000 3.37619266e-01 0.00000000e+00 
2034.500000 3.14248092e-01 0.00000000e+00 
2034.550000 2.90796850e-01 0.00000000e+00 
2034.600000 2.66976914e-01 0.00000000e+00 
2034.650000 2.42873031e-01 0.00000000e+00 
2034.700000 2.18470965e-01 0.00000000e+00 
2034.750000 1.94098922e-01 0.00000000e+00 
2034.800000 1.69746704e-01 0.00000000e+00 
2034.850000 1.45227191e-01 0.00000000e+00 
2034.900000 1.20674772e-01 0.00000000e+00 
2034.950000 9.59411564e-02 0.00000000e+00 
2035.000000 7.10568567e-02 0.00000000e+00 
2035.050000 4.57083725e-02 0.00000000e+00 
2035.100000 2.02271914e-02 0.00000000e+00 
2035.150000 -4.87980612e-03 0.00000000e+00 
2035.200000 -3.04214947e-02 0.00000000e+00 
2035.250000 -5.61819413e-02 0.00000000e+00 
2035.300000 -8.14863693e-02 0.00000000e+00 
2035.350000 -1.06601390e-01 0.00000000e+00 
2035.400000 -1.31430640e-01 0.00000000e+00 
2035.450000 -1.56155287e-01 0.00000000e+00 
2035.500000 -1.80071660e-01 0.00000000e+00 
2035.550000 -2.03856453e-01 0.00000000e+00 
2035.600000 -2.27488159e-01 0.00000000e+00 
2035.650000 -2.50979866e-01 0.00000000e+00 
2035.700000 -2.74595421e-01 0.00000000e+00 
2035.750000 -2.97931690e-01 0.00000000e+00 
2035.800000 -3.21012745e-01 0.00000000e+00 
2035.850000 -3.43732822e-01 0.00000000e+00 
2035.900000 -3.65845495e-01 0.00000000e+00 
2035.950000 -3.87619208e-01 0.00000000e+00 
2036.000000 -4.09002348e-01 0.00000000e+00 
2036.050000 -4.29839102e-01 0.00000000e+00 
2036.100000 -4.50094680e-01 0.00000000e+00 
2036.150000 -4.69523294e-01 0.00000000e+00 
2036.200000 -4.88116242e-01 0.00000000e+00 
2036.250000 -4.88922443e-01 0.00000000e+00 
2036.300000 -4.88733224e-01 0.00000000e+00 
2036.350000 -4.87527586e-01 0.00000000e+00 
2036.400000 -4.85733765e-01 0.00000000e+00 
2036.450000 -4.82994229e-01 0.00000000e+00 
2036.500000 -4.79666490e-01 0.00000000e+00 
2036.550000 -4.75609149e-01 0.00000000e+00 
2036.600000 -4.71006908e-01 0.00000000e+00 
2036.650000 -4.65817483e-01 0.00000000e+00 
2036.700000 -4.60180701e-01 0.00000000e+00 
2036.750000 -4.53764638e-01 0.00000000e+00 
2036.800000 -4.46650910e-01 0.00000000e+00 
2036.850000 -4.38566657e-01 0.00000000e+00 
2036.900000 -4.29340242e-01 0.00000000e+00 
2036.950000 -4.19573659e-01 0.00000000e+00 
2037.000000 -4.08717278e-01 0.00000000e+00 
2037.050000 -3.96761153e-01 0.00000000e+00 
2037.100000 -3.83948765e-01 0.00000000e+00 
2037.150000 -3.70661508e-01 0.00000000e+00 
2037.200000 -3.56823316e-01 0.00000000e+00 
2037.250000 -3.41937932e-01 0.00000000e+00 
2037.300000 -3.26555543e-01 0.00000000e+00 
2037.350000 -3.10823418e-01 0.00000000e+00 
2037.400000 -2.94963487e-01 0.00000000e+00 
2037.450000 -2.78913323e-01 0.00000000e+00 
2037.500000 -2.62729024e-01 0.00000000e+00 
2037.550000 -2.46475327e-01 0.00000000e+00 
2037.600000 -2.29722673e-01 0.00000000e+00 
2037.650000 -2.12764873e-01 0.00000000e+00 
2037.700000 -1.95421498e-01 0.00000000e+00 
2037.750000 -1.77998088e-01 0.00000000e+00 
2037.800000 -1.60647447e-01 0.00000000e+00 
2037.850000 -1.42685236e-01 0.00000000e+00 
2037.900000 -1.24881099e-01 0.00000000e+00 
2037.950000 -1.06912800e-01 0.00000000e+00 
2038.000000 -8.87090949e-02 0.00000000e+00 
2038.050000 -7.04637419e-02 0.00000000e+00 
2038.100000 -5.21411147e-02 0.00000000e+00 
2038.150000 -3.38641958e-02 0.00000000e+00 
2038.200000 -1.56881261e-02 0.00000000e+00 
2038.250000 2.47066165e-03 0.00000000e+00 
2038.300000 2.04200376e-02 0.00000000e+00 
2038.350000 3.83652839e-02 0.00000000e+00 
2038.400000 5.61035810e-02 0.00000000e+00 
2038.450000 7.31799868e-02 0.00000000e+00 
2038.500000 8.94747008e-02 0.00000000e+00 
2038.550000 1.05006775e-01 0.00000000e+00 
2038.600000 1.20134762e-01 0.00000000e+00 
2038.650000 1.35105388e-01 0.00000000e+00 
2038.700000 1.49873613e-01 0.00000000e+00 
2038.750000 1.64366644e-01 0.00000000e+00 
2038.800000 1.78200908e-01 0.00000000e+00 
2038.850000 1.91529942e-01 0.00000000e+00 
2038.900000 2.04034627e-01 0.00000000e+00 
2038.950000 2.16047252e-01 0.00000000e+00 
2039.000000 2.27822006e-01 0.00000000e+00 
2039.050000 2.38641190e-01 0.00000000e+00 
2039.100000 2.48511369e-01 0.00000000e+00 
2039.150000 2.57808571e-01 0.00000000e+00 
2039.200000 2.66063078e-01 0.00000000e+00 
2039.250000 2.74040299e-01 0.00000000e+00 
2039.300000 2.80833889e-01 0.00000000e+00 
2039.350000 2.86227390e-01 0.00000000e+00 
2039.400000 2.90715668e-01 0.00000000e+00 
2039.450000 2.94419222e-01 0.00000000e+00 
2039.500000 2.97361960e-01 0.00000000e+00 
2039.550000 2.99362613e-01 0.00000000e+00 
2039.600000 3.00553733e-01 0.00000000e+00 
2039.650000 3.00620247e-01 0.00000000e+00 
2039.700000 2.99603025e-01 0.00000000e+00 
2039.750000 2.97636391e-01 0.00000000e+00 
2039.800000 2.94330927e-01 0.00000000e+00 
2039.850000 2.90082392e-01 0.00000000e+00 
2039.900000 2.84813927e-01 0.00000000e+00 
2039.950000 2.78339356e-01 0.00000000e+00 
2040.000000 2.70816489e-01 0.00000000e+00 
2040.050000 2.62651203e-01 0.00000000e+00 
2040.100000 2.53933067e-01 0.00000000e+00 
2040.150000 2.44576716e-01 0.00000000e+00 
2040.200000 2.34099646e-01 0.00000000e+00 
2040.250000 2.22510335e-01 0.00000000e+00 
2040.300000 2.10381296e-01 0.00000000e+00 
2040.350000 1.97503140e-01 0.00000000e+00 
2040.400000 1.83897079e-01 0.00000000e+00 
2040.450000 1.69752020e-01 0.00000000e+00 
2040.500000 1.54931093e-01 0.00000000e+00 
2040.550000 1.38979642e-01 0.00000000e+00 
2040.600000 1.22601146e-01 0.00000000e+00 
2040.650000 1.05422243e-01 0.00000000e+00 
2040.700000 8.73912029e-02 0.00000000e+00 
2040.750000 6.85857280e-02 0.00000000e+00 
2040.800000 4.90046893e-02 0.00000000e+00 
2040.850000 2.88371261e-02 0.00000000e+00 
2040.900000 7.93750396e-03 0.00000000e+00 
2040.950000 -1.31768590e-02 0.00000000e+00 
2041.000000 -3.46157843e-02 0.00000000e+00 
2041.050000 -5.69339265e-02 0.00000000e+00 
2041.100000 -7.97598688e-02 0.00000000e+00 
2041.150000 -1.02875073e-01 0.00000000e+00 
2041.200000 -1.26549280e-01 0.00000000e+00 
2041.250000 -1.50097295e-01 0.00000000e+00 
2041.300000 -1.73547459e-01 0.00000000e+00 
2041.350000 -1.96986273e-01 0.00000000e+00 
2041.400000 -2.20734213e-01 0.00000000e+00 
2041.450000 -2.44563652e-01 0.00000000e+00 
2041.500000 -2.69101964e-01 0.00000000e+00 
2041.550000 -2.93799947e-01 0.00000000e+00 
2041.600000 -3.18700421e-01 0.00000000e+00 
2041.650000 -3.43785789e-01 0.00000000e+00 
2041.700000 -3.69244950e-01 0.00000000e+00 
2041.750000 -3.94932504e-01 0.00000000e+00 
2041.800000 -4.21068771e-01 0.00000000e+00 
2041.850000 -4.46719609e-01 0.00000000e+00 
2041.900000 -4.72673027e-01 0.00000000e+00 
2041.950000 -4.98705600e-01 0.00000000e+00 
2042.000000 -5.24102256e-01 0.00000000e+00 
2042.050000 -5.49503794e-01 0.00000000e+00 
2042.100000 -5.74656875e-01 0.00000000e+00 
2042.150000 -5.99452704e-01 0.00000000e+00 
2042.200000 -6.23509860e-01 0.00000000e+00 
2042.250000 -6.47407962e-01 0.00000000e+00 
2042.300000 -6.70819366e-01 0.00000000e+00 
2042.350000 -6.92828911e-01 0.00000000e+00 
2042.400000 -7.14016398e-01 0.00000000e+00 
2042.450000 -7.34740070e-01 0.00000000e+00 
2042.500000 -7.55107890e-01 0.00000000e+00 
2042.550000 -7.74275324e-01 0.00000000e+00 
2042.600000 -7.92680564e-01 0.00000000e+00 
2042.650000 -8.10150365e-01 0.00000000e+00 
2042.700000 -8.27267300e-01 0.00000000e+00 
2042.750000 -8.42800798e-01 0.00000000e+00 
2042.800000 -8.57589653e-01 0.00000000e+00 
2042.850000 -8.71387644e-01 0.00000000e+00 
2042.900000 -8.84598976e-01 0.00000000e+00 
2042.950000 -8.96652612e-01 0.00000000e+00 
2043.000000 -9.07608479e-01 0.00000000e+00 
2043.050000 -9.16934846e-01 0.00000000e+00 
2043.100000 -9.24860118e-01 0.00000000e+00 
2043.150000 -9.31474296e-01 0.00000000e+00 
2043.200000 -9.36813358e-01 0.00000000e+00 
2043.250000 -9.40045878e-01 0.00000000e+00 
2043.300000 -9.41941469e-01 0.00000000e+00 
2043.350000 -9.41786191e-01 0.00000000e+00 
2043.400000 -9.40154217e-01 0.00000000e+00 
2043.450000 -9.36309578e-01 0.00000000e+00 
2043.500000 -9.30776628e-01 0.00000000e+00 
2043.550000 -9.23901777e-01 0.00000000e+00 
2043.600000 -9.16047959e-01 0.00000000e+00 
2043.650000 -9.06742716e-01 0.00000000e+00 
2043.700000 -8.96366664e-01 0.00000000e+00 
2043.750000 -8.84710827e-01 0.00000000e+00 
2043.800000 -8.71774545e-01 0.00000000e+00 
2043.850000 -8.57290335e-01 0.00000000e+00 
2043.900000 -8.42324920e-01 0.00000000e+00 
2043.950000 -8.25613587e-01 0.00000000e+00 
2044.000000 -8.07508440e-01 0.00000000e+00 
2044.050000 -7.88134598e-01 0.00000000e+00 
2044.100000 -7.67233354e-01 0.00000000e+00 
2044.150000 -7.44955223e-01 0.00000000e+00 
2044.200000 -7.21490291e-01 0.00000000e+00 
2044.250000 -6.96260501e-01 0.00000000e+00 
2044.300000 -6.68914083e-01 0.00000000e+00 
2044.350000 -6.39917001e-01 0.00000000e+00 
2044.400000 -6.09562714e-01 0.00000000e+00 
2044.450000 -5.77739979e-01 0.00000000e+00 
2044.500000 -5.44646115e-01 0.00000000e+00 
2044.550000 -5.11227121e-01 0.00000000e+00 
2044.600000 -4.76299948e-01 0.00000000e+00 
2044.650000 -4.40681957e-01 0.00000000e+00 
2044.700000 -4.03796376e-01 0.00000000e+00 
2044.750000 -3.66271212e-01 0.00000000e+00 
2044.800000 -3.27844336e-01 0.00000000e+00 
2044.850000 -2.88239413e-01 0.00000000e+00 
2044.900000 -2.47784310e-01 0.00000000e+00 
2044.950000 -2.06695109e-01 0.00000000e+00 
2045.000000 -1.64284647e-01 0.00000000e+00 
2045.050000 -1.21426435e-01 0.00000000e+00 
2045.100000 -7.78333611e-02 0.00000000e+00 
2045.150000 -3.48781671e-02 0.00000000e+00 
2045.200000 8.99538534e-03 0.00000000e+00 
2045.250000 5.39816051e-02 0.00000000e+00 
2045.300000 1.00890203e-01 0.00000000e+00 
2045.350000 1.47948957e-01 0.00000000e+00 
2045.400000 1.94799553e-01 0.00000000e+00 
2045.450000 2.41972032e-01 0.00000000e+00 
2045.500000 2.89049133e-01 0.00000000e+00 
2045.550000 3.35964159e-01 0.00000000e+00 
2045.600000 3.82192591e-01 0.00000000e+00 
2045.650000 4.27667752e-01 0.00000000e+00 
2045.700000 4.72605605e-01 0.00000000e+00 
2045.750000 5.17413358e-01 0.00000000e+00 
2045.800000 5.61466891e-01 0.00000000e+00 
2045.850000 6.05905407e-01 0.00000000e+00 
2045.900000 6.50063390e-01 0.00000000e+00 
2045.950000 6.93843847e-01 0.00000000e+00 
2046.000000 7.35840658e-01 0.00000000e+00 
2046.050000 7.77628789e-01 0.00000000e+00 
2046.100000 8.19115153e-01 0.00000000e+00 
2046.150000 8.59841337e-01 0.00000000e+00 
2046.200000 9.00317539e-01 0.00000000e+00 
2046.250000 9.39333342e-01 0.00000000e+00 
2046.300000 9.78971214e-01 0.00000000e+00 
2046.350000 1.01859127e+00 0.00000000e+00 
2046.400000 1.05753735e+00 0.00000000e+00 
2046.450000 1.09403254e+00 0.00000000e+00 
2046.500000 1.12825467e+00 0.00000000e+00 
2046.550000 1.16097261e+00 0.00000000e+00 
2046.600000 1.19190925e+00 0.00000000e+00 
2046.650000 1.22147255e+00 0.00000000e+00 
2046.700000 1.24936919e+00 0.00000000e+00 
2046.750000 1.27429835e+00 0.00000000e+00 
2046.800000 1.29768704e+00 0.00000000e+00 
2046.850000 1.31812430e+00 0.00000000e+00 
2046.900000 1.33783089e+00 0.00000000e+00 
2046.950000 1.35593275e+00 0.00000000e+00 
2047.000000 1.37179890e+00 0.00000000e+00 
2047.050000 1.38584366e+00 0.00000000e+00 
2047.100000 1.39779141e+00 0.00000000e+00 
2047.150000 1.40822470e+00 0.00000000e+00 
2047.200000 1.41733586e+00 0.00000000e+00 
2047.250000 1.42459910e+00 0.00000000e+00 
2047.300000 1.42982949e+00 0.00000000e+00 
2047.350000 1.43353397e+00 0.00000000e+00 
2047.400000 1.43497283e+00 0.00000000e+00 
2047.450000 1.43265763e+00 0.00000000e+00 
2047.500000 1.42655920e+00 0.00000000e+00 
2047.550000 1.41681581e+00 0.00000000e+00 
2047.600000 1.40430787e+00 0.00000000e+00 
2047.650000 1.38853484e+00 0.00000000e+00 
2047.700000 1.36973252e+00 0.00000000e+00 
2047.750000 1.34795932e+00 0.00000000e+00 
2047.800000 1.32438079e+00 0.00000000e+00 
2047.850000 1.29811404e+00 0.00000000e+00 
2047.900000 1.26896314e+00 0.00000000e+00 
2047.950000 1.23575590e+00 0.00000000e+00 
2048.000000 1.19919463e+00 0.00000000e+00 
2048.050000 1.15963411e+00 0.00000000e+00 
2048.100000 1.11633648e+00 0.00000000e+00 
2048.150000 1.07055925e+00 0.00000000e+00 
2048.200000 1.02169798e+00 0.00000000e+00 
2048.250000 9.70314890e-01 0.00000000e+00 
2048.300000 9.15775477e-01 0.00000000e+00 
2048.350000 8.58708529e-01 0.00000000e+00 
2048.400000 7.99698168e-01 0.00000000e+00 
2048.450000 7.37635117e-01 0.00000000e+00 
2048.500000 6.73549825e-01 0.00000000e+00 
2048.550000 6.06160492e-01 0.00000000e+00 
2048.600000 5.36928807e-01 0.00000000e+00 
2048.650000 4.63922325e-01 0.00000000e+00 
2048.700000 3.90282240e-01 0.00000000e+00 
2048.750000 3.11526763e-01 0.00000000e+00 
2048.800000 2.29117854e-01 0.00000000e+00 
2048.850000 1.44447106e-01 0.00000000e+00 
2048.900000 5.74243189e-02 0.00000000e+00 
2048.950000 -3.29914127e-02 0.00000000e+00 
2049.000000 -1.26289877e-01 0.00000000e+00 
2049.050000 -2.24069412e-01 0.00000000e+00 
2049.100000 -3.25904439e-01 0.00000000e+00 
2049.150000 -4.30057693e-01 0.00000000e+00 
2049.200000 -5.38577083e-01 0.00000000e+00 
2049.250000 -6.47133711e-01 0.00000000e+00 
2049.300000 -7.59261560e-01 0.00000000e+00 
2049.350000 -8.73788326e-01 0.00000000e+00 
2049.400000 -9.89552231e-01 0.00000000e+00 
2049.450000 -1.10863709e+00 0.00000000e+00 
2049.500000 -1.22835038e+00 0.00000000e+00 
2049.550000 -1.35293108e+00 0.00000000e+00 
2049.600000 -1.47886353e+00 0.00000000e+00 
2049.650000 -1.60560216e+00 0.00000000e+00 
2049.700000 -1.73396508e+00 0.00000000e+00 
2049.750000 -1.86525136e+00 0.00000000e+00 
2049.800000 -1.99983814e+00 0.00000000e+00 
2049.850000 -2.13672801e+00 0.00000000e+00 
2049.900000 -2.27674521e+00 0.00000000e+00 
2049.950000 -2.41771629e+00 0.00000000e+00 
2050.000000 -2.55827610e+00 0.00000000e+00 
2050.050000 -2.69639362e+00 0.00000000e+00 
2050.100000 -2.83288356e+00 0.00000000e+00 
2050.150000 -2.97362033e+00 0.00000000e+00 
2050.200000 -3.11224471e+00 0.00000000e+00 
2050.250000 -3.24892862e+00 0.00000000e+00 
2050.300000 -3.38679908e+00 0.00000000e+00 
2050.350000 -3.52810746e+00 0.00000000e+00 
2050.400000 -3.66818319e+00 0.00000000e+00 
2050.450000 -3.80876325e+00 0.00000000e+00 
2050.500000 -3.95263605e+00 0.00000000e+00 
2050.550000 -4.09774743e+00 0.00000000e+00 
2050.600000 -4.24565058e+00 0.00000000e+00 
2050.650000 -4.39214733e+00 0.00000000e+00 
2050.700000 -4.53584486e+00 0.00000000e+00 
2050.750000 -4.67998774e+00 0.00000000e+00 
2050.800000 -4.81857846e+00 0.00000000e+00 
2050.850000 -4.95324012e+00 0.00000000e+00 
2050.900000 -5.09449782e+00 0.00000000e+00 
2050.950000 -5.23589625e+00 0.00000000e+00 
2051.000000 -5.36554515e+00 0.00000000e+00 
2051.050000 -5.48739200e+00 0.00000000e+00 
2051.100000 -5.60719977e+00 0.00000000e+00 
2051.150000 -5.73569808e+00 0.00000000e+00 
