2000.000000 2.81705821e+00 0.00000000e+00 
2000.050000 2.93415042e+00 0.00000000e+00 
2000.100000 3.05731024e+00 0.00000000e+00 
2000.150000 3.18272193e+00 0.00000000e+00 
2000.200000 3.31337853e+00 0.00000000e+00 
2000.250000 3.44624538e+00 0.00000000e+00 
2000.300000 3.58376098e+00 0.00000000e+00 
2000.350000 3.72519538e+00 0.00000000e+00 
2000.400000 3.87182299e+00 0.00000000e+00 
2000.450000 4.02270176e+00 0.00000000e+00 
2000.500000 4.17654289e+00 0.00000000e+00 
2000.550000 4.33125695e+00 0.00000000e+00 
2000.600000 4.48590264e+00 0.00000000e+00 
2000.650000 4.64024560e+00 0.00000000e+00 
2000.700000 4.79165962e+00 0.00000000e+00 
2000.750000 4.94024243e+00 0.00000000e+00 
2000.800000 5.08547313e+00 0.00000000e+00 
2000.850000 5.22583833e+00 0.00000000e+00 
2000.900000 5.36231908e+00 0.00000000e+00 
2000.950000 5.49394768e+00 0.00000000e+00 
2001.000000 5.62108575e+00 0.00000000e+00 
2001.050000 5.74331872e+00 0.00000000e+00 
2001.100000 5.86142247e+00 0.00000000e+00 
2001.150000 5.97535523e+00 0.00000000e+00 
2001.200000 6.08643106e+00 0.00000000e+00 
2001.250000 6.19415858e+00 0.00000000e+00 
2001.300000 6.29887733e+00 0.00000000e+00 
2001.350000 6.40106819e+00 0.00000000e+00 
2001.400000 6.50083686e+00 0.00000000e+00 
2001.450000 6.59845179e+00 0.00000000e+00 
2001.500000 6.69336802e+00 0.00000000e+00 
2001.550000 6.78526638e+00 0.00000000e+00 
2001.600000 6.87433169e+00 0.00000000e+00 
2001.650000 6.95962508e+00 0.00000000e+00 
2001.700000 7.04074056e+00 0.00000000e+00 
2001.750000 7.11706168e+00 0.00000000e+00 
2001.800000 7.18784699e+00 0.00000000e+00 
2001.850000 7.25264009e+00 0.00000000e+00 
2001.900000 7.31108774e+00 0.00000000e+00 
2001.950000 7.36300047e+00 0.00000000e+00 
2002.000000 7.40783642e+00 0.00000000e+00 
2002.050000 7.44580816e+00 0.00000000e+00 
2002.100000 7.47711201e+00 0.00000000e+00 
2002.150000 7.50180733e+00 0.00000000e+00 
2002.200000 7.51988551e+00 0.00000000e+00 
2002.250000 7.53149642e+00 0.00000000e+00 
2002.300000 7.53692515e+00 0.00000000e+00 
2002.350000 7.53665719e+00 0.00000000e+00 
2002.400000 7.53101319e+00 0.00000000e+00 
2002.450000 7.51987691e+00 0.00000000e+00 
2002.500000 7.50337344e+00 0.00000000e+00 
2002.550000 7.48139560e+00 0.00000000e+00 
2002.600000 7.45367598e+00 0.00000000e+00 
2002.650000 7.41972775e+00 0.00000000e+00 
2002.700000 7.37945141e+00 0.00000000e+00 
2002.750000 7.33257607e+00 0.00000000e+00 
2002.800000 7.27863505e+00 0.00000000e+00 
2002.850000 7.21742486e+00 0.00000000e+00 
2002.900000 7.14892982e+00 0.00000000e+00 
2002.950000 7.07282375e+00 0.00000000e+00 
2003.000000 6.98913899e+00 0.00000000e+00 
2003.050000 6.89789573e+00 0.00000000e+00 
2003.100000 6.79922003e+00 0.00000000e+00 
2003.150000 6.69332580e+00 0.00000000e+00 
2003.200000 6.58031688e+00 0.00000000e+00 
2003.250000 6.46065800e+00 0.00000000e+00 
2003.300000 6.33455122e+00 0.00000000e+00 
2003.350000 6.20236340e+00 0.00000000e+00 
2003.400000 6.06418777e+00 0.00000000e+00 
2003.450000 5.92022971e+00 0.00000000e+00 
2003.500000 5.77044995e+00 0.00000000e+00 
2003.550000 5.61477897e+00 0.00000000e+00 
2003.600000 5.45335301e+00 0.00000000e+00 
2003.650000 5.28614159e+00 0.00000000e+00 
2003.700000 5.11311098e+00 0.00000000e+00 
2003.750000 4.93419088e+00 0.00000000e+00 
2003.800000 4.74933222e+00 0.00000000e+00 
2003.850000 4.55857211e+00 0.00000000e+00 
2003.900000 4.36177605e+00 0.00000000e+00 
2003.950000 4.15905665e+00 0.00000000e+00 
2004.000000 3.95038984e+00 0.00000000e+00 
2004.050000 3.73608394e+00 0.00000000e+00 
2004.100000 3.51630513e+00 0.00000000e+00 
2004.150000 3.29137033e+00 0.00000000e+00 
2004.200000 3.06161976e+00 0.00000000e+00 
2004.250000 2.82732637e+00 0.00000000e+00 
2004.300000 2.58871352e+00 0.00000000e+00 
2004.350000 2.34624344e+00 0.00000000e+00 
2004.400000 2.10013609e+00 0.00000000e+00 
2004.450000 1.85074709e+00 0.00000000e+00 
2004.500000 1.59824447e+00 0.00000000e+00 
2004.550000 1.34288597e+00 0.00000000e+00 
2004.600000 1.08487187e+00 0.00000000e+00 
2004.650000 8.24155094e-01 0.00000000e+00 
2004.700000 5.60903710e-01 0.00000000e+00 
2004.750000 2.95339572e-01 0.00000000e+00 
2004.800000 2.73860052e-02 0.00000000e+00 
2004.850000 -2.42704682e-01 0.00000000e+00 
2004.900000 -5.14888844e-01 0.00000000e+00 
2004.950000 -7.89043996e-01 0.00000000e+00 
2005.000000 -1.06496903e+00 0.00000000e+00 
2005.050000 -1.34231438e+00 0.00000000e+00 
2005.100000 -1.62088129e+00 0.00000000e+00 
2005.150000 -1.90040955e+00 0.00000000e+00 
2005.200000 -2.18027644e+00 0.00000000e+00 
2005.250000 -2.46016122e+00 0.00000000e+00 
2005.300000 -2.73978687e+00 0.00000000e+00 
2005.350000 -3.01866269e+00 0.00000000e+00 
2005.400000 -3.29642417e+00 0.00000000e+00 
2005.450000 -3.57283196e+00 0.00000000e+00 
2005.500000 -3.84761671e+00 0.00000000e+00 
2005.550000 -4.12027464e+00 0.00000000e+00 
2005.600000 -4.39060343e+00 0.00000000e+00 
2005.650000 -4.65852189e+00 0.00000000e+00 
2005.700000 -4.92382529e+00 0.00000000e+00 
2005.750000 -5.18640407e+00 0.00000000e+00 
2005.800000 -5.44606164e+00 0.00000000e+00 
2005.850000 -5.70274156e+00 0.00000000e+00 
2005.900000 -5.95616118e+00 0.00000000e+00 
2005.950000 -6.20621887e+00 0.00000000e+00 
2006.000000 -6.45272073e+00 0.00000000e+00 
2006.050000 -6.69538209e+00 0.00000000e+00 
2006.100000 -6.93379736e+00 0.00000000e+00 
2006.150000 -7.16771076e+00 0.00000000e+00 
2006.200000 -7.39678943e+00 0.00000000e+00 
2006.250000 -7.62062637e+00 0.00000000e+00 
2006.300000 -7.83895840e+00 0.00000000e+00 
2006.350000 -8.05136611e+00 0.00000000e+00 
2006.400000 -8.25751073e+00 0.00000000e+00 
2006.450000 -8.45707733e+00 0.00000000e+00 
2006.500000 -8.64982038e+00 0.00000000e+00 
2006.550000 -8.83542139e+00 0.00000000e+00 
2006.600000 -9.01366091e+00 0.00000000e+00 
2006.650000 -9.18450185e+00 0.00000000e+00 
2006.700000 -9.34771234e+00 0.00000000e+00 
2006.750000 -9.50329718e+00 0.00000000e+00 
2006.800000 -9.65118781e+00 0.00000000e+00 
2006.850000 -9.79132955e+00 0.00000000e+00 
2006.900000 -9.92366375e+00 0.00000000e+00 
2006.950000 -1.00479222e+01 0.00000000e+00 
2007.000000 -1.01640520e+01 0.00000000e+00 
2007.050000 -1.02719015e+01 0.00000000e+00 
2007.100000 -1.03713279e+01 0.00000000e+00 
2007.150000 -1.04620791e+01 0.00000000e+00 
2007.200000 -1.05439387e+01 0.00000000e+00 
2007.250000 -1.06167056e+01 0.00000000e+00 
2007.300000 -1.06800754e+01 0.00000000e+00 
2007.350000 -1.07338525e+01 0.00000000e+00 
2007.400000 -1.07777607e+01 0.00000000e+00 
2007.450000 -1.08117211e+01 0.00000000e+00 
2007.500000 -1.08355862e+01 0.00000000e+00 
2007.550000 -1.08492570e+01 0.00000000e+00 
2007.600000 -1.08526693e+01 0.00000000e+00 
2007.650000 -1.08458415e+01 0.00000000e+00 
2007.700000 -1.08287535e+01 0.00000000e+00 
2007.750000 -1.08015042e+01 0.00000000e+00 
2007.800000 -1.07641781e+01 0.00000000e+00 
2007.850000 -1.07168583e+01 0.00000000e+00 
2007.900000 -1.06595310e+01 0.00000000e+00 
2007.950000 -1.05922749e+01 0.00000000e+00 
2008.000000 -1.05151670e+01 0.00000000e+00 
2008.050000 -1.04281345e+01 0.00000000e+00 
2008.100000 -1.03313403e+01 0.00000000e+00 
2008.150000 -1.02247033e+01 0.00000000e+00 
2008.200000 -1.01081508e+01 0.00000000e+00 
2008.250000 -9.98172195e+00 0.00000000e+00 
2008.300000 -9.84540042e+00 0.00000000e+00 
2008.350000 -9.69910556e+00 0.00000000e+00 
2008.400000 -9.54284523e+00 0.00000000e+00 
2008.450000 -9.37658350e+00 0.00000000e+00 
2008.500000 -9.20042198e+00 0.00000000e+00 
2008.550000 -9.01449813e+00 0.00000000e+00 
2008.600000 -8.81899924e+00 0.00000000e+00 
2008.650000 -8.61412148e+00 0.00000000e+00 
2008.700000 -8.39999586e+00 0.00000000e+00 
2008.750000 -8.17692809e+00 0.00000000e+00 
2008.800000 -7.94516694e+00 0.00000000e+00 
2008.850000 -7.70493432e+00 0.00000000e+00 
2008.900000 -7.45649252e+00 0.00000000e+00 
2008.950000 -7.20013818e+00 0.00000000e+00 
2009.000000 -6.93602379e+00 0.00000000e+00 
2009.050000 -6.66436788e+00 0.00000000e+00 
2009.100000 -6.38541657e+00 0.00000000e+00 
2009.150000 -6.09938326e+00 0.00000000e+00 
2009.200000 -5.80636053e+00 0.00000000e+00 
2009.250000 -5.50667032e+00 0.00000000e+00 
2009.300000 -5.20033855e+00 0.00000000e+00 
2009.350000 -4.88755779e+00 0.00000000e+00 
2009.400000 -4.56863741e+00 0.00000000e+00 
2009.450000 -4.24375891e+00 0.00000000e+00 
2009.500000 -3.91314601e+00 0.00000000e+00 
2009.550000 -3.57709667e+00 0.00000000e+00 
2009.600000 -3.23593161e+00 0.00000000e+00 
2009.650000 -2.88995818e+00 0.00000000e+00 
2009.700000 -2.53959132e+00 0.00000000e+00 
2009.750000 -2.18522371e+00 0.00000000e+00 
2009.800000 -1.82721525e+00 0.00000000e+00 
2009.850000 -1.46598748e+00 0.00000000e+00 
2009.900000 -1.10191414e+00 0.00000000e+00 
2009.950000 -7.35402856e-01 0.00000000e+00 
2010.000000 -3.66811747e-01 0.00000000e+00 
2010.050000 3.46997844e-03 0.00000000e+00 
2010.100000 3.75128512e-01 0.00000000e+00 
2010.150000 7.47851703e-01 0.00000000e+00 
2010.200000 1.12134534e+00 0.00000000e+00 
2010.250000 1.49530985e+00 0.00000000e+00 
2010.300000 1.86942653e+00 0.00000000e+00 
2010.350000 2.24338715e+00 0.00000000e+00 
2010.400000 2.61687851e+00 0.00000000e+00 
2010.450000 2.98961117e+00 0.00000000e+00 
2010.500000 3.36125024e+00 0.00000000e+00 
2010.550000 3.73145476e+00 0.00000000e+00 
2010.600000 4.09979944e+00 0.00000000e+00 
2010.650000 4.46589759e+00 0.00000000e+00 
2010.700000 4.82931317e+00 0.00000000e+00 
2010.750000 5.18970827e+00 0.00000000e+00 
2010.800000 5.54656432e+00 0.00000000e+00 
2010.850000 5.89948818e+00 0.00000000e+00 
2010.900000 6.24805672e+00 0.00000000e+00 
2010.950000 6.59178402e+00 0.00000000e+00 
2011.000000 6.93035864e+00 0.00000000e+00 
2011.050000 7.26341694e+00 0.00000000e+00 
2011.100000 7.59058374e+00 0.00000000e+00 
2011.150000 7.91155595e+00 0.00000000e+00 
2011.200000 8.22602702e+00 0.00000000e+00 
2011.250000 8.53367131e+00 0.00000000e+00 
2011.300000 8.83423196e+00 0.00000000e+00 
2011.350000 9.12745683e+00 0.00000000e+00 
2011.400000 9.41308797e+00 0.00000000e+00 
2011.450000 9.69086624e+00 0.00000000e+00 
2011.500000 9.96052343e+00 0.00000000e+00 
2011.550000 1.02217692e+01 0.00000000e+00 
2011.600000 1.04742804e+01 0.00000000e+00 
2011.650000 1.07177392e+01 0.00000000e+00 
2011.700000 1.09518379e+01 0.00000000e+00 
2011.750000 1.11762246e+01 0.00000000e+00 
2011.800000 1.13905973e+01 0.00000000e+00 
2011.850000 1.15945935e+01 0.00000000e+00 
2011.900000 1.17879319e+01 0.00000000e+00 
2011.950000 1.19703447e+01 0.00000000e+00 
2012.000000 1.21415301e+01 0.00000000e+00 
2012.050000 1.23012771e+01 0.00000000e+00 
2012.100000 1.24493623e+01 0.00000000e+00 
2012.150000 1.25855880e+01 0.00000000e+00 
2012.200000 1.27098183e+01 0.00000000e+00 
2012.250000 1.28219746e+01 0.00000000e+00 
2012.300000 1.29219363e+01 0.00000000e+00 
2012.350000 1.30095802e+01 0.00000000e+00 
2012.400000 1.30848556e+01 0.00000000e+00 
2012.450000 1.31476728e+01 0.00000000e+00 
2012.500000 1.31979251e+01 0.00000000e+00 
2012.550000 1.32355284e+01 0.00000000e+00 
2012.600000 1.32603958e+01 0.00000000e+00 
2012.650000 1.32724154e+01 0.00000000e+00 
2012.700000 1.32714716e+01 0.00000000e+00 
2012.750000 1.32573803e+01 0.00000000e+00 
2012.800000 1.32300857e+01 0.00000000e+00 
2012.850000 1.31895430e+01 0.00000000e+00 
2012.900000 1.31356915e+01 0.00000000e+00 
2012.950000 1.30684726e+01 0.00000000e+00 
2013.000000 1.29878094e+01 0.00000000e+00 
2013.050000 1.28937646e+01 0.00000000e+00 
2013.100000 1.27863406e+01 0.00000000e+00 
2013.150000 1.26656185e+01 0.00000000e+00 
2013.200000 1.25317364e+01 0.00000000e+00 
2013.250000 1.23847515e+01 0.00000000e+00 
2013.300000 1.22248264e+01 0.00000000e+00 
2013.350000 1.20521068e+01 0.00000000e+00 
2013.400000 1.18667828e+01 0.00000000e+00 
2013.450000 1.16690490e+01 0.00000000e+00 
2013.500000 1.14591110e+01 0.00000000e+00 
2013.550000 1.12370729e+01 0.00000000e+00 
2013.600000 1.10031120e+01 0.00000000e+00 
2013.650000 1.07574360e+01 0.00000000e+00 
2013.700000 1.05001628e+01 0.00000000e+00 
2013.750000 1.02314330e+01 0.00000000e+00 
2013.800000 9.95142757e+00 0.00000000e+00 
2013.850000 9.66029036e+00 0.00000000e+00 
2013.900000 9.35823146e+00 0.00000000e+00 
2013.950000 9.04546234e+00 0.00000000e+00 
2014.000000 8.72220647e+00 0.00000000e+00 
2014.050000 8.38873367e+00 0.00000000e+00 
2014.100000 8.04529533e+00 0.00000000e+00 
2014.150000 7.69226035e+00 0.00000000e+00 
2014.200000 7.32997620e+00 0.00000000e+00 
2014.250000 6.95876395e+00 0.00000000e+00 
2014.300000 6.57902588e+00 0.00000000e+00 
2014.350000 6.19116148e+00 0.00000000e+00 
2014.400000 5.79556338e+00 0.00000000e+00 
2014.450000 5.39261659e+00 0.00000000e+00 
2014.500000 4.98272190e+00 0.00000000e+00 
2014.550000 4.56630756e+00 0.00000000e+00 
2014.600000 4.14375627e+00 0.00000000e+00 
2014.650000 3.71543370e+00 0.00000000e+00 
2014.700000 3.28166242e+00 0.00000000e+00 
2014.750000 2.84287487e+00 0.00000000e+00 
2014.800000 2.39941269e+00 0.00000000e+00 
2014.850000 1.95160693e+00 0.00000000e+00 
2014.900000 1.49984710e+00 0.00000000e+00 
2014.950000 1.04457447e+00 0.00000000e+00 
2015.000000 6.14239854e-01 0.00000000e+00 
2015.050000 1.79855161e-01 0.00000000e+00 
2015.100000 -2.58012886e-01 0.00000000e+00 
2015.150000 -6.98840558e-01 0.00000000e+00 
2015.200000 -1.14203559e+00 0.00000000e+00 
2015.250000 -1.58713639e+00 0.00000000e+00 
2015.300000 -2.03347607e+00 0.00000000e+00 
2015.350000 -2.48035954e+00 0.00000000e+00 
2015.400000 -2.92702915e+00 0.00000000e+00 
2015.450000 -3.37289789e+00 0.00000000e+00 
2015.500000 -3.81744123e+00 0.00000000e+00 
2015.550000 -4.26028315e+00 0.00000000e+00 
2015.600000 -4.70097668e+00 0.00000000e+00 
2015.650000 -5.13907508e+00 0.00000000e+00 
2015.700000 -5.57444683e+00 0.00000000e+00 
2015.750000 -6.00669582e+00 0.00000000e+00 
2015.800000 -6.43548531e+00 0.00000000e+00 
2015.850000 -6.86068623e+00 0.00000000e+00 
2015.900000 -7.28172916e+00 0.00000000e+00 
2015.950000 -7.69839107e+00 0.00000000e+00 
2016.000000 -8.11022287e+00 0.00000000e+00 
2016.050000 -8.51691776e+00 0.00000000e+00 
2016.100000 -8.91790152e+00 0.00000000e+00 
2016.150000 -9.31270286e+00 0.00000000e+00 
2016.200000 -9.70052314e+00 0.00000000e+00 
2016.250000 -1.00809387e+01 0.00000000e+00 
2016.300000 -1.04534006e+01 0.00000000e+00 
2016.350000 -1.08172352e+01 0.00000000e+00 
2016.400000 -1.11718278e+01 0.00000000e+00 
2016.450000 -1.15165281e+01 0.00000000e+00 
2016.500000 -1.18509493e+01 0.00000000e+00 
2016.550000 -1.21746467e+01 0.00000000e+00 
2016.600000 -1.24871205e+01 0.00000000e+00 
2016.650000 -1.27881991e+01 0.00000000e+00 
2016.700000 -1.30776158e+01 0.00000000e+00 
2016.750000 -1.33551708e+01 0.00000000e+00 
2016.800000 -1.36207811e+01 0.00000000e+00 
2016.850000 -1.38742654e+01 0.00000000e+00 
2016.900000 -1.41155074e+01 0.00000000e+00 
2016.950000 -1.43442413e+01 0.00000000e+00 
2017.000000 -1.45603958e+01 0.00000000e+00 
2017.050000 -1.47636338e+01 0.00000000e+00 
2017.100000 -1.49535632e+01 0.00000000e+00 
2017.150000 -1.51298425e+01 0.00000000e+00 
2017.200000 -1.52921976e+01 0.00000000e+00 
2017.250000 -1.54402153e+01 0.00000000e+00 
2017.300000 -1.55734644e+01 0.00000000e+00 
2017.350000 -1.56914329e+01 0.00000000e+00 
2017.400000 -1.57936741e+01 0.00000000e+00 
2017.450000 -1.58799105e+01 0.00000000e+00 
2017.500000 -1.59497657e+01 0.00000000e+00 
2017.550000 -1.60030611e+01 0.00000000e+00 
2017.600000 -1.60397976e+01 0.00000000e+00 
2017.650000 -1.60600232e+01 0.00000000e+00 
2017.700000 -1.60636572e+01 0.00000000e+00 
2017.750000 -1.60507844e+01 0.00000000e+00 
2017.800000 -1.60216022e+01 0.00000000e+00 
2017.850000 -1.59761774e+01 0.00000000e+00 
2017.900000 -1.59145484e+01 0.00000000e+00 
2017.950000 -1.58368745e+01 0.00000000e+00 
2018.000000 -1.57432426e+01 0.00000000e+00 
2018.050000 -1.56336793e+01 0.00000000e+00 
2018.100000 -1.55081294e+01 0.00000000e+00 
2018.150000 -1.53665500e+01 0.00000000e+00 
2018.200000 -1.52089478e+01 0.00000000e+00 
2018.250000 -1.50351333e+01 0.00000000e+00 
2018.300000 -1.48450060e+01 0.00000000e+00 
2018.350000 -1.46384510e+01 0.00000000e+00 
2018.400000 -1.44154789e+01 0.00000000e+00 
2018.450000 -1.41760833e+01 0.00000000e+00 
2018.500000 -1.39204933e+01 0.00000000e+00 
2018.550000 -1.36488871e+01 0.00000000e+00 
2018.600000 -1.33614524e+01 0.00000000e+00 
2018.650000 -1.30584281e+01 0.00000000e+00 
2018.700000 -1.27402036e+01 0.00000000e+00 
2018.750000 -1.24071181e+01 0.00000000e+00 
2018.800000 -1.20596323e+01 0.00000000e+00 
2018.850000 -1.16981376e+01 0.00000000e+00 
2018.900000 -1.13231687e+01 0.00000000e+00 
2018.950000 -1.09350692e+01 0.00000000e+00 
2019.000000 -1.05343956e+01 0.00000000e+00 
2019.050000 -1.01213686e+01 0.00000000e+00 
2019.100000 -9.69633331e+00 0.00000000e+00 
2019.150000 -9.25959418e+00 0.00000000e+00 
2019.200000 -8.81136406e+00 0.00000000e+00 
2019.250000 -8.35194232e+00 0.00000000e+00 
2019.300000 -7.88161238e+00 0.00000000e+00 
2019.350000 -7.40055305e+00 0.00000000e+00 
2019.400000 -6.90911056e+00 0.00000000e+00 
2019.450000 -6.40753775e+00 0.00000000e+00 
2019.500000 -5.89635197e+00 0.00000000e+00 
2019.550000 -5.37586916e+00 0.00000000e+00 
2019.600000 -4.84659573e+00 0.00000000e+00 
2019.650000 -4.30928597e+00 0.00000000e+00 
2019.700000 -3.76451327e+00 0.00000000e+00 
2019.750000 -3.21276655e+00 0.00000000e+00 
2019.800000 -2.65492362e+00 0.00000000e+00 
2019.850000 -2.09153870e+00 0.00000000e+00 
2019.900000 -1.52342534e+00 0.00000000e+00 
2019.950000 -9.51301861e-01 0.00000000e+00 
2020.000000 -3.75837906e-01 0.00000000e+00 
2020.050000 2.02459457e-01 0.00000000e+00 
2020.100000 7.82963670e-01 0.00000000e+00 
2020.150000 1.36510937e+00 0.00000000e+00 
2020.200000 1.94869973e+00 0.00000000e+00 
2020.250000 2.53327628e+00 0.00000000e+00 
2020.300000 3.11831244e+00 0.00000000e+00 
2020.350000 3.70348204e+00 0.00000000e+00 
2020.400000 4.28838162e+00 0.00000000e+00 
2020.450000 4.87236698e+00 0.00000000e+00 
2020.500000 5.45493799e+00 0.00000000e+00 
2020.550000 6.03576838e+00 0.00000000e+00 
2020.600000 6.61415759e+00 0.00000000e+00 
2020.650000 7.18932816e+00 0.00000000e+00 
2020.700000 7.76053323e+00 0.00000000e+00 
2020.750000 8.32698648e+00 0.00000000e+00 
2020.800000 8.88800533e+00 0.00000000e+00 
2020.850000 9.44267423e+00 0.00000000e+00 
2020.900000 9.99042893e+00 0.00000000e+00 
2020.950000 1.05303841e+01 0.00000000e+00 
2021.000000 1.10618622e+01 0.00000000e+00 
2021.050000 1.15842932e+01 0.00000000e+00 
2021.100000 1.20972573e+01 0.00000000e+00 
2021.150000 1.26002142e+01 0.00000000e+00 
2021.200000 1.30927608e+01 0.00000000e+00 
2021.250000 1.35745482e+01 0.00000000e+00 
2021.300000 1.40450304e+01 0.00000000e+00 
2021.350000 1.45039942e+01 0.00000000e+00 
2021.400000 1.49510361e+01 0.00000000e+00 
2021.450000 1.53858713e+01 0.00000000e+00 
2021.500000 1.58079502e+01 0.00000000e+00 
2021.550000 1.62170179e+01 0.00000000e+00 
2021.600000 1.66125645e+01 0.00000000e+00 
2021.650000 1.69938658e+01 0.00000000e+00 
2021.700000 1.73604635e+01 0.00000000e+00 
2021.750000 1.77116871e+01 0.00000000e+00 
2021.800000 1.80468164e+01 0.00000000e+00 
2021.850000 1.83652813e+01 0.00000000e+00 
2021.900000 1.86664810e+01 0.00000000e+00 
2021.950000 1.89500594e+01 0.00000000e+00 
2022.000000 1.92154992e+01 0.00000000e+00 
2022.050000 1.94624461e+01 0.00000000e+00 
2022.100000 1.96904750e+01 0.00000000e+00 
2022.150000 1.98994062e+01 0.00000000e+00 
2022.200000 2.00890384e+01 0.00000000e+00 
2022.250000 2.02592883e+01 0.00000000e+00 
2022.300000 2.04101863e+01 0.00000000e+00 
2022.350000 2.05416462e+01 0.00000000e+00 
2022.400000 2.06536993e+01 0.00000000e+00 
2022.450000 2.07461590e+01 0.00000000e+00 
2022.500000 2.08189450e+01 0.00000000e+00 
2022.550000 2.08719520e+01 0.00000000e+00 
2022.600000 2.09050744e+01 0.00000000e+00 
2022.650000 2.09180574e+01 0.00000000e+00 
2022.700000 2.09107142e+01 0.00000000e+00 
2022.750000 2.08826700e+01 0.00000000e+00 
2022.800000 2.08336293e+01 0.00000000e+00 
2022.850000 2.07634264e+01 0.00000000e+00 
2022.900000 2.06719454e+01 0.00000000e+00 
2022.950000 2.05590444e+01 0.00000000e+00 
2023.000000 2.04246010e+01 0.00000000e+00 
2023.050000 2.02687854e+01 0.00000000e+00 
2023.100000 2.00913955e+01 0.00000000e+00 
2023.150000 1.98927533e+01 0.00000000e+00 
2023.200000 1.96731948e+01 0.00000000e+00 
2023.250000 1.94328973e+01 0.00000000e+00 
2023.300000 1.91721978e+01 0.00000000e+00 
2023.350000 1.88915649e+01 0.00000000e+00 
2023.400000 1.85913938e+01 0.00000000e+00 
2023.450000 1.82721179e+01 0.00000000e+00 
2023.500000 1.79339825e+01 0.00000000e+00 
2023.550000 1.75772250e+01 0.00000000e+00 
2023.600000 1.72020539e+01 0.00000000e+00 
2023.650000 1.68086909e+01 0.00000000e+00 
2023.700000 1.63974808e+01 0.00000000e+00 
2023.750000 1.59684153e+01 0.00000000e+00 
2023.800000 1.55216526e+01 0.00000000e+00 
2023.850000 1.50574830e+01 0.00000000e+00 
2023.900000 1.45761378e+01 0.00000000e+00 
2023.950000 1.40777801e+01 0.00000000e+00 
2024.000000 1.35629675e+01 0.00000000e+00 
2024.050000 1.30320523e+01 0.00000000e+00 
2024.100000 1.24854562e+01 0.00000000e+00 
2024.150000 1.19237684e+01 0.00000000e+00 
2024.200000 1.13477520e+01 0.00000000e+00 
2024.250000 1.07578536e+01 0.00000000e+00 
2024.300000 1.01550584e+01 0.00000000e+00 
2024.350000 9.54005248e+00 0.00000000e+00 
2024.400000 8.91338658e+00 0.00000000e+00 
2024.450000 8.27588986e+00 0.00000000e+00 
2024.500000 7.62829968e+00 0.00000000e+00 
2024.550000 6.97121013e+00 0.00000000e+00 
2024.600000 6.30517903e+00 0.00000000e+00 
2024.650000 5.63084786e+00 0.00000000e+00 
2024.700000 4.94859103e+00 0.00000000e+00 
2024.750000 4.25893730e+00 0.00000000e+00 
2024.800000 3.56238370e+00 0.00000000e+00 
2024.850000 2.85943699e+00 0.00000000e+00 
2024.900000 2.15067158e+00 0.00000000e+00 
2024.950000 1.43658787e+00 0.00000000e+00 
2025.000000 7.17860367e-01 0.00000000e+00 
2025.050000 -4.92029838e-03 0.00000000e+00 
2025.100000 -7.30919763e-01 0.00000000e+00 
2025.150000 -1.45931965e+00 0.00000000e+00 
2025.200000 -2.18924810e+00 0.00000000e+00 
2025.250000 -2.91981855e+00 0.00000000e+00 
2025.300000 -3.65015739e+00 0.00000000e+00 
2025.350000 -4.37940769e+00 0.00000000e+00 
2025.400000 -5.10670446e+00 0.00000000e+00 
2025.450000 -5.83107181e+00 0.00000000e+00 
2025.500000 -6.55165920e+00 0.00000000e+00 
2025.550000 -7.26774676e+00 0.00000000e+00 
2025.600000 -7.97862511e+00 0.00000000e+00 
2025.650000 -8.68369594e+00 0.00000000e+00 
2025.700000 -9.38240668e+00 0.00000000e+00 
2025.750000 -1.00739102e+01 0.00000000e+00 
2025.800000 -1.07578843e+01 0.00000000e+00 
2025.850000 -1.14336846e+01 0.00000000e+00 
2025.900000 -1.21008102e+01 0.00000000e+00 
2025.950000 -1.27588382e+01 0.00000000e+00 
2026.000000 -1.34069450e+01 0.00000000e+00 
2026.050000 -1.40444976e+01 0.00000000e+00 
2026.100000 -1.46708699e+01 0.00000000e+00 
2026.150000 -1.52852309e+01 0.00000000e+00 
2026.200000 -1.58868199e+01 0.00000000e+00 
2026.250000 -1.64748937e+01 0.00000000e+00 
2026.300000 -1.70485935e+01 0.00000000e+00 
2026.350000 -1.76070802e+01 0.00000000e+00 
2026.400000 -1.81495825e+01 0.00000000e+00 
2026.450000 -1.86753454e+01 0.00000000e+00 
2026.500000 -1.91837230e+01 0.00000000e+00 
2026.550000 -1.96740773e+01 0.00000000e+00 
2026.600000 -2.01459238e+01 0.00000000e+00 
2026.650000 -2.05988003e+01 0.00000000e+00 
2026.700000 -2.10322635e+01 0.00000000e+00 
2026.750000 -2.14460097e+01 0.00000000e+00 
2026.800000 -2.18396969e+01 0.00000000e+00 
2026.850000 -2.22130882e+01 0.00000000e+00 
2026.900000 -2.25659091e+01 0.00000000e+00 
2026.950000 -2.28977884e+01 0.00000000e+00 
2027.000000 -2.32084575e+01 0.00000000e+00 
2027.050000 -2.34975522e+01 0.00000000e+00 
2027.100000 -2.37647231e+01 0.00000000e+00 
2027.150000 -2.40096335e+01 0.00000000e+00 
2027.200000 -2.42317242e+01 0.00000000e+00 
2027.250000 -2.44304582e+01 0.00000000e+00 
2027.300000 -2.46053760e+01 0.00000000e+00 
2027.350000 -2.47560839e+01 0.00000000e+00 
2027.400000 -2.48820908e+01 0.00000000e+00 
2027.450000 -2.49831151e+01 0.00000000e+00 
2027.500000 -2.50589126e+01 0.00000000e+00 
2027.550000 -2.51092088e+01 0.00000000e+00 
2027.600000 -2.51338930e+01 0.00000000e+00 
2027.650000 -2.51329384e+01 0.00000000e+00 
2027.700000 -2.51064430e+01 0.00000000e+00 
2027.750000 -2.50546300e+01 0.00000000e+00 
2027.800000 -2.49775636e+01 0.00000000e+00 
2027.850000 -2.48752471e+01 0.00000000e+00 
2027.900000 -2.47478553e+01 0.00000000e+00 
2027.950000 -2.45955157e+01 0.00000000e+00 
2028.000000 -2.44186343e+01 0.00000000e+00 
2028.050000 -2.42170683e+01 0.00000000e+00 
2028.100000 -2.39910683e+01 0.00000000e+00 
2028.150000 -2.37406671e+01 0.00000000e+00 
2028.200000 -2.34657398e+01 0.00000000e+00 
2028.250000 -2.31665088e+01 0.00000000e+00 
2028.300000 -2.28429652e+01 0.00000000e+00 
2028.350000 -2.24951919e+01 0.00000000e+00 
2028.400000 -2.21232380e+01 0.00000000e+00 
2028.450000 -2.17271251e+01 0.00000000e+00 
2028.500000 -2.13070149e+01 0.00000000e+00 
2028.550000 -2.08634150e+01 0.00000000e+00 
2028.600000 -2.03967125e+01 0.00000000e+00 
2028.650000 -1.99071644e+01 0.00000000e+00 
2028.700000 -1.93954803e+01 0.00000000e+00 
2028.750000 -1.88623090e+01 0.00000000e+00 
2028.800000 -1.83082193e+01 0.00000000e+00 
2028.850000 -1.77339716e+01 0.00000000e+00 
2028.900000 -1.71401901e+01 0.00000000e+00 
2028.950000 -1.65274821e+01 0.00000000e+00 
2029.000000 -1.58965600e+01 0.00000000e+00 
2029.050000 -1.52479899e+01 0.00000000e+00 
2029.100000 -1.45824259e+01 0.00000000e+00 
2029.150000 -1.39002810e+01 0.00000000e+00 
2029.200000 -1.32020126e+01 0.00000000e+00 
2029.250000 -1.24882397e+01 0.00000000e+00 
2029.300000 -1.17593486e+01 0.00000000e+00 
2029.350000 -1.10158334e+01 0.00000000e+00 
2029.400000 -1.02582797e+01 0.00000000e+00 
2029.450000 -9.48729763e+00 0.00000000e+00 
2029.500000 -8.70353426e+00 0.00000000e+00 
2029.550000 -7.90764540e+00 0.00000000e+00 
2029.600000 -7.10031050e+00 0.00000000e+00 
2029.650000 -6.28246015e+00 0.00000000e+00 
2029.700000 -5.45513152e+00 0.00000000e+00 
2029.750000 -4.61909039e+00 0.00000000e+00 
2029.800000 -3.77537716e+00 0.00000000e+00 
2029.850000 -2.92511971e+00 0.00000000e+00 
2029.900000 -2.06930133e+00 0.00000000e+00 
2029.950000 -1.20875231e+00 0.00000000e+00 
2030.000000 -3.44429475e-01 0.00000000e+00 
2030.050000 5.22720396e-01 0.00000000e+00 
2030.100000 1.39192556e+00 0.00000000e+00 
2030.150000 2.26250802e+00 0.00000000e+00 
2030.200000 3.13366939e+00 0.00000000e+00 
2030.250000 4.00460022e+00 0.00000000e+00 
2030.300000 4.87452627e+00 0.00000000e+00 
2030.350000 5.74298977e+00 0.00000000e+00 
2030.400000 6.60923047e+00 0.00000000e+00 
2030.450000 7.47251342e+00 0.00000000e+00 
2030.500000 8.33210131e+00 0.00000000e+00 
2030.550000 9.18707865e+00 0.00000000e+00 
2030.600000 1.00366313e+01 0.00000000e+00 
2030.650000 1.08796815e+01 0.00000000e+00 
2030.700000 1.17151979e+01 0.00000000e+00 
2030.750000 1.25421328e+01 0.00000000e+00 
2030.800000 1.33594654e+01 0.00000000e+00 
2030.850000 1.41661015e+01 0.00000000e+00 
2030.900000 1.49610474e+01 0.00000000e+00 
2030.950000 1.57434088e+01 0.00000000e+00 
2031.000000 1.65123194e+01 0.00000000e+00 
2031.050000 1.72668919e+01 0.00000000e+00 
2031.100000 1.80062793e+01 0.00000000e+00 
2031.150000 1.87298566e+01 0.00000000e+00 
2031.200000 1.94370378e+01 0.00000000e+00 
2031.250000 2.01272310e+01 0.00000000e+00 
2031.300000 2.07997655e+01 0.00000000e+00 
2031.350000 2.14541807e+01 0.00000000e+00 
2031.400000 2.20899665e+01 0.00000000e+00 
2031.450000 2.27066139e+01 0.00000000e+00 
2031.500000 2.33034367e+01 0.00000000e+00 
2031.550000 2.38798963e+01 0.00000000e+00 
2031.600000 2.44352864e+01 0.00000000e+00 
2031.650000 2.49688207e+01 0.00000000e+00 
2031.700000 2.54797136e+01 0.00000000e+00 
2031.750000 2.59672282e+01 0.00000000e+00 
2031.800000 2.64306536e+01 0.00000000e+00 
2031.850000 2.68691922e+01 0.00000000e+00 
2031.900000 2.72820617e+01 0.00000000e+00 
2031.950000 2.76688106e+01 0.00000000e+00 
2032.000000 2.80288237e+01 0.00000000e+00 
2032.050000 2.83615390e+01 0.00000000e+00 
2032.100000 2.86667153e+01 0.00000000e+00 
2032.150000 2.89441351e+01 0.00000000e+00 
2032.200000 2.91934093e+01 0.00000000e+00 
2032.250000 2.94144591e+01 0.00000000e+00 
2032.300000 2.96071320e+01 0.00000000e+00 
2032.350000 2.97713247e+01 0.00000000e+00 
2032.400000 2.99069360e+01 0.00000000e+00 
2032.450000 3.00140003e+01 0.00000000e+00 
2032.500000 3.00925227e+01 0.00000000e+00 
2032.550000 3.01422346e+01 0.00000000e+00 
2032.600000 3.01627808e+01 0.00000000e+00 
2032.650000 3.01540489e+01 0.00000000e+00 
2032.700000 3.01158787e+01 0.00000000e+00 
2032.750000 3.00480544e+01 0.00000000e+00 
2032.800000 2.99502792e+01 0.00000000e+00 
2032.850000 2.98224248e+01 0.00000000e+00 
2032.900000 2.96643719e+01 0.00000000e+00 
2032.950000 2.94762002e+01 0.00000000e+00 
2033.000000 2.92577882e+01 0.00000000e+00 
2033.050000 2.90092376e+01 0.00000000e+00 
2033.100000 2.87307920e+01 0.00000000e+00 
2033.150000 2.84227001e+01 0.00000000e+00 
2033.200000 2.80853321e+01 0.00000000e+00 
2033.250000 2.77190120e+01 0.00000000e+00 
2033.300000 2.73243127e+01 0.00000000e+00 
2033.350000 2.69016046e+01 0.00000000e+00 
2033.400000 2.64515108e+01 0.00000000e+00 
2033.450000 2.59744197e+01 0.00000000e+00 
2033.500000 2.54706864e+01 0.00000000e+00 
2033.550000 2.49409092e+01 0.00000000e+00 
2033.600000 2.43854269e+01 0.00000000e+00 
2033.650000 2.38048132e+01 0.00000000e+00 
2033.700000 2.31992743e+01 0.00000000e+00 
2033.750000 2.25693269e+01 0.00000000e+00 
2033.800000 2.19152686e+01 0.00000000e+00 
2033.850000 2.12375857e+01 0.00000000e+00 
2033.900000 2.05367507e+01 0.00000000e+00 
2033.950000 1.98132965e+01 0.00000000e+00 
2034.000000 1.90675942e+01 0.00000000e+00 
2034.050000 1.83004669e+01 0.00000000e+00 
2034.100000 1.75126549e+01 0.00000000e+00 
2034.150000 1.67047814e+01 0.00000000e+00 
2034.200000 1.58778037e+01 0.00000000e+00 
2034.250000 1.50326813e+01 0.00000000e+00 
2034.300000 1.41704088e+01 0.00000000e+00 
2034.350000 1.32919761e+01 0.00000000e+00 
2034.400000 1.23983434e+01 0.00000000e+00 
2034.450000 1.14904762e+01 0.00000000e+00 
2034.500000 1.05692028e+01 0.00000000e+00 
2034.550000 9.63560591e+00 0.00000000e+00 
2034.600000 8.69055722e+00 0.00000000e+00 
2034.650000 7.73475992e+00 0.00000000e+00 
2034.700000 6.76899764e+00 0.00000000e+00 
2034.750000 5.79431743e+00 0.00000000e+00 
2034.800000 4.81130261e+00 0.00000000e+00 
2034.850000 3.82080181e+00 0.00000000e+00 
2034.900000 2.82351526e+00 0.00000000e+00 
2034.950000 1.82025862e+00 0.00000000e+00 
2035.000000 8.11943283e-01 0.00000000e+00 
2035.050000 -2.00480668e-01 0.00000000e+00 
2035.100000 -1.21595994e+00 0.00000000e+00 
2035.150000 -2.23348172e+00 0.00000000e+00 
2035.200000 -3.25181063e+00 0.00000000e+00 
2035.250000 -4.26974232e+00 0.00000000e+00 
2035.300000 -5.28600026e+00 0.00000000e+00 
2035.350000 -6.29948551e+00 0.00000000e+00 
2035.400000 -7.30882118e+00 0.00000000e+00 
2035.450000 -8.31313357e+00 0.00000000e+00 
2035.500000 -9.31108511e+00 0.00000000e+00 
2035.550000 -1.03016743e+01 0.00000000e+00 
2035.600000 -1.12839981e+01 0.00000000e+00 
2035.650000 -1.22571142e+01 0.00000000e+00 
2035.700000 -1.32203256e+01 0.00000000e+00 
2035.750000 -1.41726749e+01 0.00000000e+00 
2035.800000 -1.51132819e+01 0.00000000e+00 
2035.850000 -1.60415133e+01 0.00000000e+00 
2035.900000 -1.69564110e+01 0.00000000e+00 
2035.950000 -1.78573053e+01 0.00000000e+00 
2036.000000 -1.87433118e+01 0.00000000e+00 
2036.050000 -1.96134855e+01 0.00000000e+00 
2036.100000 -2.04668595e+01 0.00000000e+00 
2036.150000 -2.13024240e+01 0.00000000e+00 
2036.200000 -2.21190842e+01 0.00000000e+00 
2036.250000 -2.28614897e+01 0.00000000e+00 
2036.300000 -2.35821496e+01 0.00000000e+00 
2036.350000 -2.42798311e+01 0.00000000e+00 
2036.400000 -2.49538197e+01 0.00000000e+00 
2036.450000 -2.56029097e+01 0.00000000e+00 
2036.500000 -2.62266563e+01 0.00000000e+00 
2036.550000 -2.68239653e+01 0.00000000e+00 
2036.600000 -2.73942979e+01 0.00000000e+00 
2036.650000 -2.79373047e+01 0.00000000e+00 
2036.700000 -2.84524647e+01 0.00000000e+00 
2036.750000 -2.89391773e+01 0.00000000e+00 
2036.800000 -2.93972897e+01 0.00000000e+00 
2036.850000 -2.98262534e+01 0.00000000e+00 
2036.900000 -3.02256752e+01 0.00000000e+00 
2036.950000 -3.05954254e+01 0.00000000e+00 
2037.000000 -3.09348714e+01 0.00000000e+00 
2037.050000 -3.12435210e+01 0.00000000e+00 
2037.100000 -3.15211862e+01 0.00000000e+00 
2037.150000 -3.17675205e+01 0.00000000e+00 
2037.200000 -3.19819834e+01 0.00000000e+00 
2037.250000 -3.21636994e+01 0.00000000e+00 
2037.300000 -3.23123161e+01 0.00000000e+00 
2037.350000 -3.24274442e+01 0.00000000e+00 
2037.400000 -3.25086659e+01 0.00000000e+00 
2037.450000 -3.25557496e+01 0.00000000e+00 
2037.500000 -3.25684893e+01 0.00000000e+00 
2037.550000 -3.25466438e+01 0.00000000e+00 
2037.600000 -3.24899317e+01 0.00000000e+00 
2037.650000 -3.23986193e+01 0.00000000e+00 
2037.700000 -3.22727127e+01 0.00000000e+00 
2037.750000 -3.21128441e+01 0.00000000e+00 
2037.800000 -3.19194145e+01 0.00000000e+00 
2037.850000 -3.16922795e+01 0.00000000e+00 
2037.900000 -3.14321087e+01 0.00000000e+00 
2037.950000 -3.11391051e+01 0.00000000e+00 
2038.000000 -3.08135807e+01 0.00000000e+00 
2038.050000 -3.04556881e+01 0.00000000e+00 
2038.100000 -3.00660110e+01 0.00000000e+00 
2038.150000 -2.96445716e+01 0.00000000e+00 
2038.200000 -2.91914327e+01 0.00000000e+00 
2038.250000 -2.87068511e+01 0.00000000e+00 
2038.300000 -2.81910381e+01 0.00000000e+00 
2038.350000 -2.76439444e+01 0.00000000e+00 
2038.400000 -2.70658288e+01 0.00000000e+00 
2038.450000 -2.64572174e+01 0.00000000e+00 
2038.500000 -2.58187174e+01 0.00000000e+00 
2038.550000 -2.51508711e+01 0.00000000e+00 
2038.600000 -2.44542021e+01 0.00000000e+00 
2038.650000 -2.37293299e+01 0.00000000e+00 
2038.700000 -2.29769653e+01 0.00000000e+00 
2038.750000 -2.21983129e+01 0.00000000e+00 
2038.800000 -2.13946679e+01 0.00000000e+00 
2038.850000 -2.05668099e+01 0.00000000e+00 
2038.900000 -1.97158694e+01 0.00000000e+00 
2038.950000 -1.88428794e+01 0.00000000e+00 
2039.000000 -1.79484192e+01 0.00000000e+00 
2039.050000 -1.70338538e+01 0.00000000e+00 
2039.100000 -1.61001697e+01 0.00000000e+00 
2039.150000 -1.51478568e+01 0.00000000e+00 
2039.200000 -1.41777391e+01 0.00000000e+00 
2039.250000 -1.31903643e+01 0.00000000e+00 
2039.300000 -1.21865370e+01 0.00000000e+00 
2039.350000 -1.11672385e+01 0.00000000e+00 
2039.400000 -1.01332255e+01 0.00000000e+00 
2039.450000 -9.08506081e+00 0.00000000e+00 
2039.500000 -8.02362703e+00 0.00000000e+00 
2039.550000 -6.95016839e+00 0.00000000e+00 
2039.600000 -5.86583671e+00 0.00000000e+00 
2039.650000 -4.77189118e+00 0.00000000e+00 
2039.700000 -3.66993764e+00 0.00000000e+00 
2039.750000 -2.56123612e+00 0.00000000e+00 
2039.800000 -1.44743921e+00 0.00000000e+00 
2039.850000 -3.29731391e-01 0.00000000e+00 
2039.900000 7.90505515e-01 0.00000000e+00 
2039.950000 1.91177071e+00 0.00000000e+00 
2040.000000 3.03281495e+00 0.00000000e+00 
2040.050000 4.15249727e+00 0.00000000e+00 
2040.100000 5.26994938e+00 0.00000000e+00 
2040.150000 6.38408214e+00 0.00000000e+00 
2040.200000 7.49366943e+00 0.00000000e+00 
2040.250000 8.59782274e+00 0.00000000e+00 
2040.300000 9.69594256e+00 0.00000000e+00 
2040.350000 1.07868464e+01 0.00000000e+00 
2040.400000 1.18695525e+01 0.00000000e+00 
2040.450000 1.29433605e+01 0.00000000e+00 
2040.500000 1.40072151e+01 0.00000000e+00 
2040.550000 1.50596067e+01 0.00000000e+00 
2040.600000 1.60997482e+01 0.00000000e+00 
2040.650000 1.71259360e+01 0.00000000e+00 
2040.700000 1.81367041e+01 0.00000000e+00 
2040.750000 1.91311776e+01 0.00000000e+00 
2040.800000 2.01075771e+01 0.00000000e+00 
2040.850000 2.10647132e+01 0.00000000e+00 
2040.900000 2.20010059e+01 0.00000000e+00 
2040.950000 2.29151951e+01 0.00000000e+00 
2041.000000 2.38064096e+01 0.00000000e+00 
2041.050000 2.46732542e+01 0.00000000e+00 
2041.100000 2.55147583e+01 0.00000000e+00 
2041.150000 2.63303387e+01 0.00000000e+00 
2041.200000 2.71191092e+01 0.00000000e+00 
2041.250000 2.78807416e+01 0.00000000e+00 
2041.300000 2.86146653e+01 0.00000000e+00 
2041.350000 2.93203167e+01 0.00000000e+00 
2041.400000 2.99969704e+01 0.00000000e+00 
2041.450000 3.06440752e+01 0.00000000e+00 
2041.500000 3.12605471e+01 0.00000000e+00 
2041.550000 3.18459770e+01 0.00000000e+00 
2041.600000 3.23994173e+01 0.00000000e+00 
2041.650000 3.29199827e+01 0.00000000e+00 
2041.700000 3.34067924e+01 0.00000000e+00 
2041.750000 3.38589215e+01 0.00000000e+00 
2041.800000 3.42752493e+01 0.00000000e+00 
2041.850000 3.46552381e+01 0.00000000e+00 
2041.900000 3.49975662e+01 0.00000000e+00 
2041.950000 3.53017285e+01 0.00000000e+00 
2042.000000 3.55674318e+01 0.00000000e+00 
2042.050000 3.57938803e+01 0.00000000e+00 
2042.100000 3.59807484e+01 0.00000000e+00 
2042.150000 3.61277697e+01 0.00000000e+00 
2042.200000 3.62353618e+01 0.00000000e+00 
2042.250000 3.63032790e+01 0.00000000e+00 
2042.300000 3.63319518e+01 0.00000000e+00 
2042.350000 3.63218622e+01 0.00000000e+00 
2042.400000 3.62731500e+01 0.00000000e+00 
2042.450000 3.61856167e+01 0.00000000e+00 
2042.500000 3.60592010e+01 0.00000000e+00 
2042.550000 3.58944963e+01 0.00000000e+00 
2042.600000 3.56912681e+01 0.00000000e+00 
2042.650000 3.54494967e+01 0.00000000e+00 
2042.700000 3.51685071e+01 0.00000000e+00 
2042.750000 3.48485871e+01 0.00000000e+00 
2042.800000 3.44891879e+01 0.00000000e+00 
2042.850000 3.40906683e+01 0.00000000e+00 
2042.900000 3.36527226e+01 0.00000000e+00 
2042.950000 3.31759196e+01 0.00000000e+00 
2043.000000 3.26597670e+01 0.00000000e+00 
2043.050000 3.21055846e+01 0.00000000e+00 
2043.100000 3.15133557e+01 0.00000000e+00 
2043.150000 3.08838316e+01 0.00000000e+00 
2043.200000 3.02182752e+01 0.00000000e+00 
2043.250000 2.95175853e+01 0.00000000e+00 
2043.300000 2.87825487e+01 0.00000000e+00 
2043.350000 2.80145807e+01 0.00000000e+00 
2043.400000 2.72146203e+01 0.00000000e+00 
2043.450000 2.63843533e+01 0.00000000e+00 
2043.500000 2.55246436e+01 0.00000000e+00 
2043.550000 2.46358769e+01 0.00000000e+00 
2043.600000 2.37185549e+01 0.00000000e+00 
2043.650000 2.27740812e+01 0.00000000e+00 
2043.700000 2.18024695e+01 0.00000000e+00 
2043.750000 2.08043503e+01 0.00000000e+00 
2043.800000 1.97805800e+01 0.00000000e+00 
2043.850000 1.87316321e+01 0.00000000e+00 
2043.900000 1.76577505e+01 0.00000000e+00 
2043.950000 1.65606095e+01 0.00000000e+00 
2044.000000 1.54407330e+01 0.00000000e+00 
2044.050000 1.42993742e+01 0.00000000e+00 
2044.100000 1.31377986e+01 0.00000000e+00 
2044.150000 1.19576208e+01 0.00000000e+00 
2044.200000 1.07604518e+01 0.00000000e+00 
2044.250000 9.54808386e+00 0.00000000e+00 
2044.300000 8.32271163e+00 0.00000000e+00 
2044.350000 7.08587426e+00 0.00000000e+00 
2044.400000 5.83914325e+00 0.00000000e+00 
2044.450000 4.58420768e+00 0.00000000e+00 
2044.500000 3.32256802e+00 0.00000000e+00 
2044.550000 2.05528988e+00 0.00000000e+00 
2044.600000 7.84745059e-01 0.00000000e+00 
2044.650000 -4.88515609e-01 0.00000000e+00 
2044.700000 -1.76332383e+00 0.00000000e+00 
2044.750000 -3.03850300e+00 0.00000000e+00 
2044.800000 -4.31294013e+00 0.00000000e+00 
2044.850000 -5.58586890e+00 0.00000000e+00 
2044.900000 -6.85643762e+00 0.00000000e+00 
2044.950000 -8.12331077e+00 0.00000000e+00 
2045.000000 -9.38462046e+00 0.00000000e+00 
2045.050000 -1.06395678e+01 0.00000000e+00 
2045.100000 -1.18862999e+01 0.00000000e+00 
2045.150000 -1.31233652e+01 0.00000000e+00 
2045.200000 -1.43480517e+01 0.00000000e+00 
2045.250000 -1.55584269e+01 0.00000000e+00 
2045.300000 -1.67522414e+01 0.00000000e+00 
2045.350000 -1.79277108e+01 0.00000000e+00 
2045.400000 -1.90831949e+01 0.00000000e+00 
2045.450000 -2.02163956e+01 0.00000000e+00 
2045.500000 -2.13255842e+01 0.00000000e+00 
2045.550000 -2.24093263e+01 0.00000000e+00 
2045.600000 -2.34662653e+01 0.00000000e+00 
2045.650000 -2.44957525e+01 0.00000000e+00 
2045.700000 -2.54964857e+01 0.00000000e+00 
2045.750000 -2.64675261e+01 0.00000000e+00 
2045.800000 -2.74084184e+01 0.00000000e+00 
2045.850000 -2.83178098e+01 0.00000000e+00 
2045.900000 -2.91955633e+01 0.00000000e+00 
2045.950000 -3.00404010e+01 0.00000000e+00 
2046.000000 -3.08519687e+01 0.00000000e+00 
2046.050000 -3.16282142e+01 0.00000000e+00 
2046.100000 -3.23681825e+01 0.00000000e+00 
2046.150000 -3.30701204e+01 0.00000000e+00 
2046.200000 -3.37319914e+01 0.00000000e+00 
2046.250000 -3.43525786e+01 0.00000000e+00 
2046.300000 -3.49291678e+01 0.00000000e+00 
2046.350000 -3.54600439e+01 0.00000000e+00 
2046.400000 -3.59437383e+01 0.00000000e+00 
2046.450000 -3.63796529e+01 0.00000000e+00 
2046.500000 -3.67665370e+01 0.00000000e+00 
2046.550000 -3.71025713e+01 0.00000000e+00 
2046.600000 -3.73874547e+01 0.00000000e+00 
2046.650000 -3.76205813e+01 0.00000000e+00 
2046.700000 -3.78021168e+01 0.00000000e+00 
2046.750000 -3.79327067e+01 0.00000000e+00 
2046.800000 -3.80112402e+01 0.00000000e+00 
2046.850000 -3.80389561e+01 0.00000000e+00 
2046.900000 -3.80151001e+01 0.00000000e+00 
2046.950000 -3.79393808e+01 0.00000000e+00 
2047.000000 -3.78120941e+01 0.00000000e+00 
2047.050000 -3.76330376e+01 0.00000000e+00 
2047.100000 -3.74013202e+01 0.00000000e+00 
2047.150000 -3.71153438e+01 0.00000000e+00 
2047.200000 -3.67746376e+01 0.00000000e+00 
2047.250000 -3.63779838e+01 0.00000000e+00 
2047.300000 -3.59245663e+01 0.00000000e+00 
2047.350000 -3.54133094e+01 0.00000000e+00 
2047.400000 -3.48438987e+01 0.00000000e+00 
2047.450000 -3.42158139e+01 0.00000000e+00 
2047.500000 -3.35280869e+01 0.00000000e+00 
2047.550000 -3.27812196e+01 0.00000000e+00 
2047.600000 -3.19758488e+01 0.00000000e+00 
2047.650000 -3.11122240e+01 0.00000000e+00 
2047.700000 -3.01910080e+01 0.00000000e+00 
2047.750000 -2.92132311e+01 0.00000000e+00 
2047.800000 -2.81799666e+01 0.00000000e+00 
2047.850000 -2.70929482e+01 0.00000000e+00 
2047.900000 -2.59537456e+01 0.00000000e+00 
2047.950000 -2.47631314e+01 0.00000000e+00 
2048.000000 -2.35225434e+01 0.00000000e+00 
2048.050000 -2.22326347e+01 0.00000000e+00 
2048.100000 -2.08941085e+01 0.00000000e+00 
2048.150000 -1.95065588e+01 0.00000000e+00 
2048.200000 -1.80701942e+01 0.00000000e+00 
2048.250000 -1.65852378e+01 0.00000000e+00 
2048.300000 -1.50509702e+01 0.00000000e+00 
2048.350000 -1.34678062e+01 0.00000000e+00 
2048.400000 -1.18343046e+01 0.00000000e+00 
2048.450000 -1.01521630e+01 0.00000000e+00 
2048.500000 -8.42211495e+00 0.00000000e+00 
2048.550000 -6.64461505e+00 0.00000000e+00 
2048.600000 -4.82096483e+00 0.00000000e+00 
2048.650000 -2.95264268e+00 0.00000000e+00 
2048.700000 -1.04132704e+00 0.00000000e+00 
2048.750000 9.08930540e-01 0.00000000e+00 
2048.800000 2.89562181e+00 0.00000000e+00 
2048.850000 4.91722010e+00 0.00000000e+00 
2048.900000 6.97146769e+00 0.00000000e+00 
2048.950000 9.05508644e+00 0.00000000e+00 
2049.000000 1.11647139e+01 0.00000000e+00 
2049.050000 1.32986443e+01 0.00000000e+00 
2049.100000 1.54556618e+01 0.00000000e+00 
2049.150000 1.76341799e+01 0.00000000e+00 
2049.200000 1.98328144e+01 0.00000000e+00 
2049.250000 2.20542528e+01 0.00000000e+00 
2049.300000 2.42967118e+01 0.00000000e+00 
2049.350000 2.65604893e+01 0.00000000e+00 
2049.400000 2.88459690e+01 0.00000000e+00 
2049.450000 3.11512800e+01 0.00000000e+00 
2049.500000 3.34759600e+01 0.00000000e+00 
2049.550000 3.58177103e+01 0.00000000e+00 
2049.600000 3.81767511e+01 0.00000000e+00 
2049.650000 4.05500516e+01 0.00000000e+00 
2049.700000 4.29329986e+01 0.00000000e+00 
2049.750000 4.53240232e+01 0.00000000e+00 
2049.800000 4.77173792e+01 0.00000000e+00 
2049.850000 5.01095661e+01 0.00000000e+00 
2049.900000 5.24942777e+01 0.00000000e+00 
2049.950000 5.48680864e+01 0.00000000e+00 
2050.000000 5.72284984e+01 0.00000000e+00 
2050.050000 5.95727465e+01 0.00000000e+00 
2050.100000 6.18985788e+01 0.00000000e+00 
2050.150000 6.42000745e+01 0.00000000e+00 
2050.200000 6.64802415e+01 0.00000000e+00 
2050.250000 6.87398032e+01 0.00000000e+00 
2050.300000 7.09802641e+01 0.00000000e+00 
2050.350000 7.31989737e+01 0.00000000e+00 
2050.400000 7.54049035e+01 0.00000000e+00 
2050.450000 7.75925582e+01 0.00000000e+00 
2050.500000 7.97684654e+01 0.00000000e+00 
2050.550000 8.19318865e+01 0.00000000e+00 
2050.600000 8.40797730e+01 0.00000000e+00 
2050.650000 8.62154152e+01 0.00000000e+00 
2050.700000 8.83311383e+01 0.00000000e+00 
2050.750000 9.04258369e+01 0.00000000e+00 
2050.800000 9.25013013e+01 0.00000000e+00 
2050.850000 9.45454163e+01 0.00000000e+00 
2050.900000 9.65514380e+01 0.00000000e+00 
2050.950000 9.85090603e+01 0.00000000e+00 
2051.000000 1.00419470e+02 0.00000000e+00 
2051.050000 1.02274429e+02 0.00000000e+00 
2051.100000 1.04060622e+02 0.00000000e+00 
2051.150000 1.05765086e+02 0.00000000e+00 
