2000.000000 1.63367364e+01 0.00000000e+00 
2000.050000 1.64125598e+01 0.00000000e+00 
2000.100000 1.64827086e+01 0.00000000e+00 
2000.150000 1.65517211e+01 0.00000000e+00 
2000.200000 1.66189791e+01 0.00000000e+00 
2000.250000 1.66874049e+01 0.00000000e+00 
2000.300000 1.67522154e+01 0.00000000e+00 
2000.350000 1.68138455e+01 0.00000000e+00 
2000.400000 1.68735340e+01 0.00000000e+00 
2000.450000 1.69320112e+01 0.00000000e+00 
2000.500000 1.69871806e+01 0.00000000e+00 
2000.550000 1.70414214e+01 0.00000000e+00 
2000.600000 1.70941031e+01 0.00000000e+00 
2000.650000 1.71448266e+01 0.00000000e+00 
2000.700000 1.71962375e+01 0.00000000e+00 
2000.750000 1.72469281e+01 0.00000000e+00 
2000.800000 1.72967744e+01 0.00000000e+00 
2000.850000 1.73461280e+01 0.00000000e+00 
2000.900000 1.73933267e+01 0.00000000e+00 
2000.950000 1.74393908e+01 0.00000000e+00 
2001.000000 1.74845222e+01 0.00000000e+00 
2001.050000 1.75279831e+01 0.00000000e+00 
2001.100000 1.75696345e+01 0.00000000e+00 
2001.150000 1.76098642e+01 0.00000000e+00 
2001.200000 1.76482029e+01 0.00000000e+00 
2001.250000 1.76846681e+01 0.00000000e+00 
2001.300000 1.77192637e+01 0.00000000e+00 
2001.350000 1.77517397e+01 0.00000000e+00 
2001.400000 1.77825035e+01 0.00000000e+00 
2001.450000 1.78112386e+01 0.00000000e+00 
2001.500000 1.78384195e+01 0.00000000e+00 
2001.550000 1.78635676e+01 0.00000000e+00 
2001.600000 1.78867980e+01 0.00000000e+00 
2001.650000 1.79084976e+01 0.00000000e+00 
2001.700000 1.79287572e+01 0.00000000e+00 
2001.750000 1.79473539e+01 0.00000000e+00 
2001.800000 1.79647227e+01 0.00000000e+00 
2001.850000 1.79808862e+01 0.00000000e+00 
2001.900000 1.79956770e+01 0.00000000e+00 
2001.950000 1.80090671e+01 0.00000000e+00 
2002.000000 1.80213689e+01 0.00000000e+00 
2002.050000 1.80327963e+01 0.00000000e+00 
2002.100000 1.80427694e+01 0.00000000e+00 
2002.150000 1.80512034e+01 0.00000000e+00 
2002.200000 1.80583571e+01 0.00000000e+00 
2002.250000 1.80641919e+01 0.00000000e+00 
2002.300000 1.80684620e+01 0.00000000e+00 
2002.350000 1.80710429e+01 0.00000000e+00 
2002.400000 1.80721297e+01 0.00000000e+00 
2002.450000 1.80718738e+01 0.00000000e+00 
2002.500000 1.80701129e+01 0.00000000e+00 
2002.550000 1.80670037e+01 0.00000000e+00 
2002.600000 1.80626245e+01 0.00000000e+00 
2002.650000 1.80571205e+01 0.00000000e+00 
2002.700000 1.80506396e+01 0.00000000e+00 
2002.750000 1.80431917e+01 0.00000000e+00 
2002.800000 1.80350122e+01 0.00000000e+00 
2002.850000 1.80260011e+01 0.00000000e+00 
2002.900000 1.80159842e+01 0.00000000e+00 
2002.950000 1.80053071e+01 0.00000000e+00 
2003.000000 1.79939143e+01 0.00000000e+00 
2003.050000 1.79816823e+01 0.00000000e+00 
2003.100000 1.79686225e+01 0.00000000e+00 
2003.150000 1.79547157e+01 0.00000000e+00 
2003.200000 1.79397674e+01 0.00000000e+00 
2003.250000 1.79239386e+01 0.00000000e+00 
2003.300000 1.79072683e+01 0.00000000e+00 
2003.350000 1.78897196e+01 0.00000000e+00 
2003.400000 1.78713753e+01 0.00000000e+00 
2003.450000 1.78523758e+01 0.00000000e+00 
2003.500000 1.78327744e+01 0.00000000e+00 
2003.550000 1.78126935e+01 0.00000000e+00 
2003.600000 1.77922607e+01 0.00000000e+00 
2003.650000 1.77715687e+01 0.00000000e+00 
2003.700000 1.77507163e+01 0.00000000e+00 
2003.750000 1.77297583e+01 0.00000000e+00 
2003.800000 1.77088434e+01 0.00000000e+00 
2003.850000 1.76877935e+01 0.00000000e+00 
2003.900000 1.76668364e+01 0.00000000e+00 
2003.950000 1.76457585e+01 0.00000000e+00 
2004.000000 1.76247884e+01 0.00000000e+00 
2004.050000 1.76038107e+01 0.00000000e+00 
2004.100000 1.75827798e+01 0.00000000e+00 
2004.150000 1.75619283e+01 0.00000000e+00 
2004.200000 1.75410629e+01 0.00000000e+00 
2004.250000 1.75203713e+01 0.00000000e+00 
2004.300000 1.74999594e+01 0.00000000e+00 
2004.350000 1.74796708e+01 0.00000000e+00 
2004.400000 1.74595975e+01 0.00000000e+00 
2004.450000 1.74398664e+01 0.00000000e+00 
2004.500000 1.74204967e+01 0.00000000e+00 
2004.550000 1.74014460e+01 0.00000000e+00 
2004.600000 1.73829224e+01 0.00000000e+00 
2004.650000 1.73651649e+01 0.00000000e+00 
2004.700000 1.73481059e+01 0.00000000e+00 
2004.750000 1.73316390e+01 0.00000000e+00 
2004.800000 1.73160200e+01 0.00000000e+00 
2004.850000 1.73012170e+01 0.00000000e+00 
2004.900000 1.72872739e+01 0.00000000e+00 
2004.950000 1.72742550e+01 0.00000000e+00 
2005.000000 1.72622271e+01 0.00000000e+00 
2005.050000 1.72511650e+01 0.00000000e+00 
2005.100000 1.72410668e+01 0.00000000e+00 
2005.150000 1.72320450e+01 0.00000000e+00 
2005.200000 1.72239082e+01 0.00000000e+00 
2005.250000 1.72167592e+01 0.00000000e+00 
2005.300000 1.72107129e+01 0.00000000e+00 
2005.350000 1.72057315e+01 0.00000000e+00 
2005.400000 1.72018678e+01 0.00000000e+00 
2005.450000 1.71991128e+01 0.00000000e+00 
2005.500000 1.71976450e+01 0.00000000e+00 
2005.550000 1.71973994e+01 0.00000000e+00 
2005.600000 1.71983748e+01 0.00000000e+00 
2005.650000 1.72006428e+01 0.00000000e+00 
2005.700000 1.72043192e+01 0.00000000e+00 
2005.750000 1.72093491e+01 0.00000000e+00 
2005.800000 1.72158858e+01 0.00000000e+00 
2005.850000 1.72240454e+01 0.00000000e+00 
2005.900000 1.72337644e+01 0.00000000e+00 
2005.950000 1.72450111e+01 0.00000000e+00 
2006.000000 1.72579262e+01 0.00000000e+00 
2006.050000 1.72724293e+01 0.00000000e+00 
2006.100000 1.72885307e+01 0.00000000e+00 
2006.150000 1.73062278e+01 0.00000000e+00 
2006.200000 1.73254658e+01 0.00000000e+00 
2006.250000 1.73463080e+01 0.00000000e+00 
2006.300000 1.73687663e+01 0.00000000e+00 
2006.350000 1.73927643e+01 0.00000000e+00 
2006.400000 1.74182459e+01 0.00000000e+00 
2006.450000 1.74452875e+01 0.00000000e+00 
2006.500000 1.74739149e+01 0.00000000e+00 
2006.550000 1.75041500e+01 0.00000000e+00 
2006.600000 1.75360056e+01 0.00000000e+00 
2006.650000 1.75695877e+01 0.00000000e+00 
2006.700000 1.76048722e+01 0.00000000e+00 
2006.750000 1.76418824e+01 0.00000000e+00 
2006.800000 1.76806677e+01 0.00000000e+00 
2006.850000 1.77212649e+01 0.00000000e+00 
2006.900000 1.77636965e+01 0.00000000e+00 
2006.950000 1.78078829e+01 0.00000000e+00 
2007.000000 1.78539071e+01 0.00000000e+00 
2007.050000 1.79017054e+01 0.00000000e+00 
2007.100000 1.79512580e+01 0.00000000e+00 
2007.150000 1.80025137e+01 0.00000000e+00 
2007.200000 1.80554420e+01 0.00000000e+00 
2007.250000 1.81100184e+01 0.00000000e+00 
2007.300000 1.81662118e+01 0.00000000e+00 
2007.350000 1.82239820e+01 0.00000000e+00 
2007.400000 1.82832937e+01 0.00000000e+00 
2007.450000 1.83441830e+01 0.00000000e+00 
2007.500000 1.84067290e+01 0.00000000e+00 
2007.550000 1.84707869e+01 0.00000000e+00 
2007.600000 1.85364969e+01 0.00000000e+00 
2007.650000 1.86038021e+01 0.00000000e+00 
2007.700000 1.86726872e+01 0.00000000e+00 
2007.750000 1.87432361e+01 0.00000000e+00 
2007.800000 1.88153952e+01 0.00000000e+00 
2007.850000 1.88891642e+01 0.00000000e+00 
2007.900000 1.89644034e+01 0.00000000e+00 
2007.950000 1.90411610e+01 0.00000000e+00 
2008.000000 1.91194149e+01 0.00000000e+00 
2008.050000 1.91990504e+01 0.00000000e+00 
2008.100000 1.92801156e+01 0.00000000e+00 
2008.150000 1.93625165e+01 0.00000000e+00 
2008.200000 1.94462078e+01 0.00000000e+00 
2008.250000 1.95311984e+01 0.00000000e+00 
2008.300000 1.96173853e+01 0.00000000e+00 
2008.350000 1.97047440e+01 0.00000000e+00 
2008.400000 1.97931973e+01 0.00000000e+00 
2008.450000 1.98827192e+01 0.00000000e+00 
2008.500000 1.99733065e+01 0.00000000e+00 
2008.550000 2.00648982e+01 0.00000000e+00 
2008.600000 2.01575225e+01 0.00000000e+00 
2008.650000 2.02511602e+01 0.00000000e+00 
2008.700000 2.03457858e+01 0.00000000e+00 
2008.750000 2.04413727e+01 0.00000000e+00 
2008.800000 2.05379292e+01 0.00000000e+00 
2008.850000 2.06353971e+01 0.00000000e+00 
2008.900000 2.07336776e+01 0.00000000e+00 
2008.950000 2.08327743e+01 0.00000000e+00 
2009.000000 2.09327013e+01 0.00000000e+00 
2009.050000 2.10333006e+01 0.00000000e+00 
2009.100000 2.11345995e+01 0.00000000e+00 
2009.150000 2.12365398e+01 0.00000000e+00 
2009.200000 2.13389944e+01 0.00000000e+00 
2009.250000 2.14419559e+01 0.00000000e+00 
2009.300000 2.15452507e+01 0.00000000e+00 
2009.350000 2.16488626e+01 0.00000000e+00 
2009.400000 2.17528408e+01 0.00000000e+00 
2009.450000 2.18571141e+01 0.00000000e+00 
2009.500000 2.19616126e+01 0.00000000e+00 
2009.550000 2.20663358e+01 0.00000000e+00 
2009.600000 2.21712729e+01 0.00000000e+00 
2009.650000 2.22763424e+01 0.00000000e+00 
2009.700000 2.23815858e+01 0.00000000e+00 
2009.750000 2.24869827e+01 0.00000000e+00 
2009.800000 2.25924560e+01 0.00000000e+00 
2009.850000 2.26979789e+01 0.00000000e+00 
2009.900000 2.28034809e+01 0.00000000e+00 
2009.950000 2.29088435e+01 0.00000000e+00 
2010.000000 2.30141307e+01 0.00000000e+00 
2010.050000 2.31193071e+01 0.00000000e+00 
2010.100000 2.32242501e+01 0.00000000e+00 
2010.150000 2.33289071e+01 0.00000000e+00 
2010.200000 2.34332379e+01 0.00000000e+00 
2010.250000 2.35371571e+01 0.00000000e+00 
2010.300000 2.36406237e+01 0.00000000e+00 
2010.350000 2.37436694e+01 0.00000000e+00 
2010.400000 2.38462368e+01 0.00000000e+00 
2010.450000 2.39482951e+01 0.00000000e+00 
2010.500000 2.40497684e+01 0.00000000e+00 
2010.550000 2.41506080e+01 0.00000000e+00 
2010.600000 2.42508166e+01 0.00000000e+00 
2010.650000 2.43504124e+01 0.00000000e+00 
2010.700000 2.44493439e+01 0.00000000e+00 
2010.750000 2.45475204e+01 0.00000000e+00 
2010.800000 2.46449442e+01 0.00000000e+00 
2010.850000 2.47415845e+01 0.00000000e+00 
2010.900000 2.48374333e+01 0.00000000e+00 
2010.950000 2.49325158e+01 0.00000000e+00 
2011.000000 2.50267320e+01 0.00000000e+00 
2011.050000 2.51199795e+01 0.00000000e+00 
2011.100000 2.52123075e+01 0.00000000e+00 
2011.150000 2.53036964e+01 0.00000000e+00 
2011.200000 2.53940727e+01 0.00000000e+00 
2011.250000 2.54833983e+01 0.00000000e+00 
2011.300000 2.55716457e+01 0.00000000e+00 
2011.350000 2.56587919e+01 0.00000000e+00 
2011.400000 2.57447594e+01 0.00000000e+00 
2011.450000 2.58295922e+01 0.00000000e+00 
2011.500000 2.59132415e+01 0.00000000e+00 
2011.550000 2.59957304e+01 0.00000000e+00 
2011.600000 2.60770670e+01 0.00000000e+00 
2011.650000 2.61572360e+01 0.00000000e+00 
2011.700000 2.62361885e+01 0.00000000e+00 
2011.750000 2.63139016e+01 0.00000000e+00 
2011.800000 2.63903843e+01 0.00000000e+00 
2011.850000 2.64657234e+01 0.00000000e+00 
2011.900000 2.65398616e+01 0.00000000e+00 
2011.950000 2.66127825e+01 0.00000000e+00 
2012.000000 2.66845032e+01 0.00000000e+00 
2012.050000 2.67549478e+01 0.00000000e+00 
2012.100000 2.68241432e+01 0.00000000e+00 
2012.150000 2.68920771e+01 0.00000000e+00 
2012.200000 2.69587398e+01 0.00000000e+00 
2012.250000 2.70241188e+01 0.00000000e+00 
2012.300000 2.70881717e+01 0.00000000e+00 
2012.350000 2.71509851e+01 0.00000000e+00 
2012.400000 2.72124682e+01 0.00000000e+00 
2012.450000 2.72726362e+01 0.00000000e+00 
2012.500000 2.73315061e+01 0.00000000e+00 
2012.550000 2.73891521e+01 0.00000000e+00 
2012.600000 2.74455451e+01 0.00000000e+00 
2012.650000 2.75007042e+01 0.00000000e+00 
2012.700000 2.75546554e+01 0.00000000e+00 
2012.750000 2.76074685e+01 0.00000000e+00 
2012.800000 2.76591265e+01 0.00000000e+00 
2012.850000 2.77096081e+01 0.00000000e+00 
2012.900000 2.77589327e+01 0.00000000e+00 
2012.950000 2.78070846e+01 0.00000000e+00 
2013.000000 2.78541745e+01 0.00000000e+00 
2013.050000 2.79001548e+01 0.00000000e+00 
2013.100000 2.79450858e+01 0.00000000e+00 
2013.150000 2.79889536e+01 0.00000000e+00 
2013.200000 2.80317150e+01 0.00000000e+00 
2013.250000 2.80734937e+01 0.00000000e+00 
2013.300000 2.81142526e+01 0.00000000e+00 
2013.350000 2.81540449e+01 0.00000000e+00 
2013.400000 2.81928359e+01 0.00000000e+00 
2013.450000 2.82307042e+01 0.00000000e+00 
2013.500000 2.82676497e+01 0.00000000e+00 
2013.550000 2.83036758e+01 0.00000000e+00 
2013.600000 2.83388528e+01 0.00000000e+00 
2013.650000 2.83732238e+01 0.00000000e+00 
2013.700000 2.84068563e+01 0.00000000e+00 
2013.750000 2.84397653e+01 0.00000000e+00 
2013.800000 2.84719651e+01 0.00000000e+00 
2013.850000 2.85035195e+01 0.00000000e+00 
2013.900000 2.85344305e+01 0.00000000e+00 
2013.950000 2.85647459e+01 0.00000000e+00 
2014.000000 2.85945169e+01 0.00000000e+00 
2014.050000 2.86237379e+01 0.00000000e+00 
2014.100000 2.86524486e+01 0.00000000e+00 
2014.150000 2.86806771e+01 0.00000000e+00 
2014.200000 2.87084563e+01 0.00000000e+00 
2014.250000 2.87358228e+01 0.00000000e+00 
2014.300000 2.87628270e+01 0.00000000e+00 
2014.350000 2.87895213e+01 0.00000000e+00 
2014.400000 2.88159153e+01 0.00000000e+00 
2014.450000 2.88420565e+01 0.00000000e+00 
2014.500000 2.88679879e+01 0.00000000e+00 
2014.550000 2.88937509e+01 0.00000000e+00 
2014.600000 2.89193833e+01 0.00000000e+00 
2014.650000 2.89449453e+01 0.00000000e+00 
2014.700000 2.89704892e+01 0.00000000e+00 
2014.750000 2.89960268e+01 0.00000000e+00 
2014.800000 2.90216086e+01 0.00000000e+00 
2014.850000 2.90473156e+01 0.00000000e+00 
2014.900000 2.90731971e+01 0.00000000e+00 
2014.950000 2.90992881e+01 0.00000000e+00 
2015.000000 2.91464083e+01 0.00000000e+00 
2015.050000 2.91935030e+01 0.00000000e+00 
2015.100000 2.92406806e+01 0.00000000e+00 
2015.150000 2.92879142e+01 0.00000000e+00 
2015.200000 2.93352868e+01 0.00000000e+00 
2015.250000 2.93827648e+01 0.00000000e+00 
2015.300000 2.94305582e+01 0.00000000e+00 
2015.350000 2.94786492e+01 0.00000000e+00 
2015.400000 2.95271063e+01 0.00000000e+00 
2015.450000 2.95759563e+01 0.00000000e+00 
2015.500000 2.96253391e+01 0.00000000e+00 
2015.550000 2.96751931e+01 0.00000000e+00 
2015.600000 2.97255725e+01 0.00000000e+00 
2015.650000 2.97766185e+01 0.00000000e+00 
2015.700000 2.98281689e+01 0.00000000e+00 
2015.750000 2.98803896e+01 0.00000000e+00 
2015.800000 2.99333304e+01 0.00000000e+00 
2015.850000 2.99870125e+01 0.00000000e+00 
2015.900000 3.00416964e+01 0.00000000e+00 
2015.950000 3.00972749e+01 0.00000000e+00 
2016.000000 3.01537205e+01 0.00000000e+00 
2016.050000 3.02111653e+01 0.00000000e+00 
2016.100000 3.02697065e+01 0.00000000e+00 
2016.150000 3.03292852e+01 0.00000000e+00 
2016.200000 3.03900408e+01 0.00000000e+00 
2016.250000 3.04519440e+01 0.00000000e+00 
2016.300000 3.05150737e+01 0.00000000e+00 
2016.350000 3.05794746e+01 0.00000000e+00 
2016.400000 3.06451283e+01 0.00000000e+00 
2016.450000 3.07121062e+01 0.00000000e+00 
2016.500000 3.07804083e+01 0.00000000e+00 
2016.550000 3.08501583e+01 0.00000000e+00 
2016.600000 3.09214039e+01 0.00000000e+00 
2016.650000 3.09941502e+01 0.00000000e+00 
2016.700000 3.10684366e+01 0.00000000e+00 
2016.750000 3.11443312e+01 0.00000000e+00 
2016.800000 3.12217764e+01 0.00000000e+00 
2016.850000 3.13008248e+01 0.00000000e+00 
2016.900000 3.13815762e+01 0.00000000e+00 
2016.950000 3.14640148e+01 0.00000000e+00 
2017.000000 3.15480682e+01 0.00000000e+00 
2017.050000 3.16337508e+01 0.00000000e+00 
2017.100000 3.17211595e+01 0.00000000e+00 
2017.150000 3.18103043e+01 0.00000000e+00 
2017.200000 3.19011654e+01 0.00000000e+00 
2017.250000 3.19937363e+01 0.00000000e+00 
2017.300000 3.20881002e+01 0.00000000e+00 
2017.350000 3.21843303e+01 0.00000000e+00 
2017.400000 3.22824036e+01 0.00000000e+00 
2017.450000 3.23822337e+01 0.00000000e+00 
2017.500000 3.24838975e+01 0.00000000e+00 
2017.550000 3.25874328e+01 0.00000000e+00 
2017.600000 3.26928715e+01 0.00000000e+00 
2017.650000 3.28001568e+01 0.00000000e+00 
2017.700000 3.29092772e+01 0.00000000e+00 
2017.750000 3.30202296e+01 0.00000000e+00 
2017.800000 3.31329951e+01 0.00000000e+00 
2017.850000 3.32476065e+01 0.00000000e+00 
2017.900000 3.33641219e+01 0.00000000e+00 
2017.950000 3.34823713e+01 0.00000000e+00 
2018.000000 3.36023928e+01 0.00000000e+00 
2018.050000 3.37242260e+01 0.00000000e+00 
2018.100000 3.38478492e+01 0.00000000e+00 
2018.150000 3.39732653e+01 0.00000000e+00 
2018.200000 3.41004807e+01 0.00000000e+00 
2018.250000 3.42294763e+01 0.00000000e+00 
2018.300000 3.43601992e+01 0.00000000e+00 
2018.350000 3.44926995e+01 0.00000000e+00 
2018.400000 3.46269014e+01 0.00000000e+00 
2018.450000 3.47627833e+01 0.00000000e+00 
2018.500000 3.49003228e+01 0.00000000e+00 
2018.550000 3.50394244e+01 0.00000000e+00 
2018.600000 3.51800666e+01 0.00000000e+00 
2018.650000 3.53221584e+01 0.00000000e+00 
2018.700000 3.54657247e+01 0.00000000e+00 
2018.750000 3.56106717e+01 0.00000000e+00 
2018.800000 3.57569459e+01 0.00000000e+00 
2018.850000 3.59045932e+01 0.00000000e+00 
2018.900000 3.60534689e+01 0.00000000e+00 
2018.950000 3.62036517e+01 0.00000000e+00 
2019.000000 3.63550348e+01 0.00000000e+00 
2019.050000 3.65075891e+01 0.00000000e+00 
2019.100000 3.66613003e+01 0.00000000e+00 
2019.150000 3.68160845e+01 0.00000000e+00 
2019.200000 3.69719485e+01 0.00000000e+00 
2019.250000 3.71287675e+01 0.00000000e+00 
2019.300000 3.72864279e+01 0.00000000e+00 
2019.350000 3.74449678e+01 0.00000000e+00 
2019.400000 3.76043258e+01 0.00000000e+00 
2019.450000 3.77644239e+01 0.00000000e+00 
2019.500000 3.79252215e+01 0.00000000e+00 
2019.550000 3.80866878e+01 0.00000000e+00 
2019.600000 3.82487061e+01 0.00000000e+00 
2019.650000 3.84111390e+01 0.00000000e+00 
2019.700000 3.85739997e+01 0.00000000e+00 
2019.750000 3.87372648e+01 0.00000000e+00 
2019.800000 3.89007995e+01 0.00000000e+00 
2019.850000 3.90646007e+01 0.00000000e+00 
2019.900000 3.92285930e+01 0.00000000e+00 
2019.950000 3.93927094e+01 0.00000000e+00 
2020.000000 3.95568439e+01 0.00000000e+00 
2020.050000 3.97209842e+01 0.00000000e+00 
2020.100000 3.98850423e+01 0.00000000e+00 
2020.150000 4.00488904e+01 0.00000000e+00 
2020.200000 4.02126248e+01 0.00000000e+00 
2020.250000 4.03761312e+01 0.00000000e+00 
2020.300000 4.05392180e+01 0.00000000e+00 
2020.350000 4.07019062e+01 0.00000000e+00 
2020.400000 4.08640825e+01 0.00000000e+00 
2020.450000 4.10257434e+01 0.00000000e+00 
2020.500000 4.11866748e+01 0.00000000e+00 
2020.550000 4.13469614e+01 0.00000000e+00 
2020.600000 4.15065578e+01 0.00000000e+00 
2020.650000 4.16653901e+01 0.00000000e+00 
2020.700000 4.18233939e+01 0.00000000e+00 
2020.750000 4.19805069e+01 0.00000000e+00 
2020.800000 4.21366150e+01 0.00000000e+00 
2020.850000 4.22916113e+01 0.00000000e+00 
2020.900000 4.24454789e+01 0.00000000e+00 
2020.950000 4.25981853e+01 0.00000000e+00 
2021.000000 4.27495944e+01 0.00000000e+00 
2021.050000 4.28996789e+01 0.00000000e+00 
2021.100000 4.30483771e+01 0.00000000e+00 
2021.150000 4.31956118e+01 0.00000000e+00 
2021.200000 4.33413583e+01 0.00000000e+00 
2021.250000 4.34855668e+01 0.00000000e+00 
2021.300000 4.36281550e+01 0.00000000e+00 
2021.350000 4.37691195e+01 0.00000000e+00 
2021.400000 4.39084986e+01 0.00000000e+00 
2021.450000 4.40461805e+01 0.00000000e+00 
2021.500000 4.41821479e+01 0.00000000e+00 
2021.550000 4.43163404e+01 0.00000000e+00 
2021.600000 4.44487297e+01 0.00000000e+00 
2021.650000 4.45792325e+01 0.00000000e+00 
2021.700000 4.47078440e+01 0.00000000e+00 
2021.750000 4.48344839e+01 0.00000000e+00 
2021.800000 4.49590836e+01 0.00000000e+00 
2021.850000 4.50815638e+01 0.00000000e+00 
2021.900000 4.52018543e+01 0.00000000e+00 
2021.950000 4.53200480e+01 0.00000000e+00 
2022.000000 4.54359769e+01 0.00000000e+00 
2022.050000 4.55496481e+01 0.00000000e+00 
2022.100000 4.56610507e+01 0.00000000e+00 
2022.150000 4.57702287e+01 0.00000000e+00 
2022.200000 4.58771357e+01 0.00000000e+00 
2022.250000 4.59816984e+01 0.00000000e+00 
2022.300000 4.60839745e+01 0.00000000e+00 
2022.350000 4.61839873e+01 0.00000000e+00 
2022.400000 4.62817425e+01 0.00000000e+00 
2022.450000 4.63772070e+01 0.00000000e+00 
2022.500000 4.64703115e+01 0.00000000e+00 
2022.550000 4.65611411e+01 0.00000000e+00 
2022.600000 4.66495445e+01 0.00000000e+00 
2022.650000 4.67356054e+01 0.00000000e+00 
2022.700000 4.68192854e+01 0.00000000e+00 
2022.750000 4.69005691e+01 0.00000000e+00 
2022.800000 4.69794968e+01 0.00000000e+00 
2022.850000 4.70559840e+01 0.00000000e+00 
2022.900000 4.71302102e+01 0.00000000e+00 
2022.950000 4.72020963e+01 0.00000000e+00 
2023.000000 4.72716284e+01 0.00000000e+00 
2023.050000 4.73388907e+01 0.00000000e+00 
2023.100000 4.74038348e+01 0.00000000e+00 
2023.150000 4.74665319e+01 0.00000000e+00 
2023.200000 4.75270093e+01 0.00000000e+00 
2023.250000 4.75852435e+01 0.00000000e+00 
2023.300000 4.76413396e+01 0.00000000e+00 
2023.350000 4.76952658e+01 0.00000000e+00 
2023.400000 4.77471154e+01 0.00000000e+00 
2023.450000 4.77969676e+01 0.00000000e+00 
2023.500000 4.78448486e+01 0.00000000e+00 
2023.550000 4.78908114e+01 0.00000000e+00 
2023.600000 4.79348198e+01 0.00000000e+00 
2023.650000 4.79768937e+01 0.00000000e+00 
2023.700000 4.80170822e+01 0.00000000e+00 
2023.750000 4.80554237e+01 0.00000000e+00 
2023.800000 4.80919964e+01 0.00000000e+00 
2023.850000 4.81268452e+01 0.00000000e+00 
2023.900000 4.81601076e+01 0.00000000e+00 
2023.950000 4.81917536e+01 0.00000000e+00 
2024.000000 4.82217612e+01 0.00000000e+00 
2024.050000 4.82503487e+01 0.00000000e+00 
2024.100000 4.82775167e+01 0.00000000e+00 
2024.150000 4.83032890e+01 0.00000000e+00 
2024.200000 4.83278313e+01 0.00000000e+00 
2024.250000 4.83510832e+01 0.00000000e+00 
2024.300000 4.83733051e+01 0.00000000e+00 
2024.350000 4.83945657e+01 0.00000000e+00 
2024.400000 4.84148050e+01 0.00000000e+00 
2024.450000 4.84340907e+01 0.00000000e+00 
2024.500000 4.84525278e+01 0.00000000e+00 
2024.550000 4.84701855e+01 0.00000000e+00 
2024.600000 4.84870942e+01 0.00000000e+00 
2024.650000 4.85034139e+01 0.00000000e+00 
2024.700000 4.85191542e+01 0.00000000e+00 
2024.750000 4.85343781e+01 0.00000000e+00 
2024.800000 4.85492243e+01 0.00000000e+00 
2024.850000 4.85637293e+01 0.00000000e+00 
2024.900000 4.85780057e+01 0.00000000e+00 
2024.950000 4.85922109e+01 0.00000000e+00 
2025.000000 4.86063235e+01 0.00000000e+00 
2025.050000 4.86203562e+01 0.00000000e+00 
2025.100000 4.86344447e+01 0.00000000e+00 
2025.150000 4.86486859e+01 0.00000000e+00 
2025.200000 4.86632090e+01 0.00000000e+00 
2025.250000 4.86781267e+01 0.00000000e+00 
2025.300000 4.86934452e+01 0.00000000e+00 
2025.350000 4.87092016e+01 0.00000000e+00 
2025.400000 4.87254971e+01 0.00000000e+00 
2025.450000 4.87423936e+01 0.00000000e+00 
2025.500000 4.87600426e+01 0.00000000e+00 
2025.550000 4.87785743e+01 0.00000000e+00 
2025.600000 4.87979902e+01 0.00000000e+00 
2025.650000 4.88183537e+01 0.00000000e+00 
2025.700000 4.88397791e+01 0.00000000e+00 
2025.750000 4.88624093e+01 0.00000000e+00 
2025.800000 4.88862956e+01 0.00000000e+00 
2025.850000 4.89115085e+01 0.00000000e+00 
2025.900000 4.89381089e+01 0.00000000e+00 
2025.950000 4.89660729e+01 0.00000000e+00 
2026.000000 4.89955487e+01 0.00000000e+00 
2026.050000 4.90267322e+01 0.00000000e+00 
2026.100000 4.90595780e+01 0.00000000e+00 
2026.150000 4.90941249e+01 0.00000000e+00 
2026.200000 4.91305078e+01 0.00000000e+00 
2026.250000 4.91687322e+01 0.00000000e+00 
2026.300000 4.92088731e+01 0.00000000e+00 
2026.350000 4.92509977e+01 0.00000000e+00 
2026.400000 4.92952523e+01 0.00000000e+00 
2026.450000 4.93416176e+01 0.00000000e+00 
2026.500000 4.93902465e+01 0.00000000e+00 
2026.550000 4.94411140e+01 0.00000000e+00 
2026.600000 4.94942720e+01 0.00000000e+00 
2026.650000 4.95497906e+01 0.00000000e+00 
2026.700000 4.96077760e+01 0.00000000e+00 
2026.750000 4.96682921e+01 0.00000000e+00 
2026.800000 4.97313981e+01 0.00000000e+00 
2026.850000 4.97969629e+01 0.00000000e+00 
2026.900000 4.98651412e+01 0.00000000e+00 
2026.950000 4.99359700e+01 0.00000000e+00 
2027.000000 5.00093965e+01 0.00000000e+00 
2027.050000 5.00855788e+01 0.00000000e+00 
2027.100000 5.01644937e+01 0.00000000e+00 
2027.150000 5.02461492e+01 0.00000000e+00 
2027.200000 5.03305483e+01 0.00000000e+00 
2027.250000 5.04177771e+01 0.00000000e+00 
2027.300000 5.05078650e+01 0.00000000e+00 
2027.350000 5.06006666e+01 0.00000000e+00 
2027.400000 5.06963458e+01 0.00000000e+00 
2027.450000 5.07949275e+01 0.00000000e+00 
2027.500000 5.08964491e+01 0.00000000e+00 
2027.550000 5.10007826e+01 0.00000000e+00 
2027.600000 5.11080069e+01 0.00000000e+00 
2027.650000 5.12181084e+01 0.00000000e+00 
2027.700000 5.13311367e+01 0.00000000e+00 
2027.750000 5.14469439e+01 0.00000000e+00 
2027.800000 5.15656362e+01 0.00000000e+00 
2027.850000 5.16872335e+01 0.00000000e+00 
2027.900000 5.18117520e+01 0.00000000e+00 
2027.950000 5.19391773e+01 0.00000000e+00 
2028.000000 5.20693591e+01 0.00000000e+00 
2028.050000 5.22023218e+01 0.00000000e+00 
2028.100000 5.23380013e+01 0.00000000e+00 
2028.150000 5.24764029e+01 0.00000000e+00 
2028.200000 5.26175766e+01 0.00000000e+00 
2028.250000 5.27613002e+01 0.00000000e+00 
2028.300000 5.29076628e+01 0.00000000e+00 
2028.350000 5.30565243e+01 0.00000000e+00 
2028.400000 5.32079588e+01 0.00000000e+00 
2028.450000 5.33618207e+01 0.00000000e+00 
2028.500000 5.35181296e+01 0.00000000e+00 
2028.550000 5.36769039e+01 0.00000000e+00 
2028.600000 5.38380740e+01 0.00000000e+00 
2028.650000 5.40015619e+01 0.00000000e+00 
2028.700000 5.41672963e+01 0.00000000e+00 
2028.750000 5.43352348e+01 0.00000000e+00 
2028.800000 5.45053350e+01 0.00000000e+00 
2028.850000 5.46774928e+01 0.00000000e+00 
2028.900000 5.48517653e+01 0.00000000e+00 
2028.950000 5.50279676e+01 0.00000000e+00 
2029.000000 5.52060276e+01 0.00000000e+00 
2029.050000 5.53859182e+01 0.00000000e+00 
2029.100000 5.55675435e+01 0.00000000e+00 
2029.150000 5.57508141e+01 0.00000000e+00 
2029.200000 5.59356751e+01 0.00000000e+00 
2029.250000 5.61219874e+01 0.00000000e+00 
2029.300000 5.63096261e+01 0.00000000e+00 
2029.350000 5.64985142e+01 0.00000000e+00 
2029.400000 5.66886078e+01 0.00000000e+00 
2029.450000 5.68798159e+01 0.00000000e+00 
2029.500000 5.70720568e+01 0.00000000e+00 
2029.550000 5.72652882e+01 0.00000000e+00 
2029.600000 5.74593715e+01 0.00000000e+00 
2029.650000 5.76542429e+01 0.00000000e+00 
2029.700000 5.78497704e+01 0.00000000e+00 
2029.750000 5.80459337e+01 0.00000000e+00 
2029.800000 5.82426091e+01 0.00000000e+00 
2029.850000 5.84396386e+01 0.00000000e+00 
2029.900000 5.86369301e+01 0.00000000e+00 
2029.950000 5.88343992e+01 0.00000000e+00 
2030.000000 5.90319398e+01 0.00000000e+00 
2030.050000 5.92295069e+01 0.00000000e+00 
2030.100000 5.94269652e+01 0.00000000e+00 
2030.150000 5.96243559e+01 0.00000000e+00 
2030.200000 5.98214285e+01 0.00000000e+00 
2030.250000 6.00181058e+01 0.00000000e+00 
2030.300000 6.02141463e+01 0.00000000e+00 
2030.350000 6.04096593e+01 0.00000000e+00 
2030.400000 6.06045088e+01 0.00000000e+00 
2030.450000 6.07985651e+01 0.00000000e+00 
2030.500000 6.09917419e+01 0.00000000e+00 
2030.550000 6.11839769e+01 0.00000000e+00 
2030.600000 6.13752255e+01 0.00000000e+00 
2030.650000 6.15653082e+01 0.00000000e+00 
2030.700000 6.17541980e+01 0.00000000e+00 
2030.750000 6.19417033e+01 0.00000000e+00 
2030.800000 6.21277592e+01 0.00000000e+00 
2030.850000 6.23122174e+01 0.00000000e+00 
2030.900000 6.24949120e+01 0.00000000e+00 
2030.950000 6.26758453e+01 0.00000000e+00 
2031.000000 6.28550331e+01 0.00000000e+00 
2031.050000 6.30322744e+01 0.00000000e+00 
2031.100000 6.32074328e+01 0.00000000e+00 
2031.150000 6.33805148e+01 0.00000000e+00 
2031.200000 6.35513424e+01 0.00000000e+00 
2031.250000 6.37199823e+01 0.00000000e+00 
2031.300000 6.38862001e+01 0.00000000e+00 
2031.350000 6.40499667e+01 0.00000000e+00 
2031.400000 6.42112674e+01 0.00000000e+00 
2031.450000 6.43701161e+01 0.00000000e+00 
2031.500000 6.45264236e+01 0.00000000e+00 
2031.550000 6.46800752e+01 0.00000000e+00 
2031.600000 6.48309795e+01 0.00000000e+00 
2031.650000 6.49790530e+01 0.00000000e+00 
2031.700000 6.51242274e+01 0.00000000e+00 
2031.750000 6.52665005e+01 0.00000000e+00 
2031.800000 6.54057894e+01 0.00000000e+00 
2031.850000 6.55420743e+01 0.00000000e+00 
2031.900000 6.56751536e+01 0.00000000e+00 
2031.950000 6.58050682e+01 0.00000000e+00 
2032.000000 6.59318519e+01 0.00000000e+00 
2032.050000 6.60553960e+01 0.00000000e+00 
2032.100000 6.61756925e+01 0.00000000e+00 
2032.150000 6.62927126e+01 0.00000000e+00 
2032.200000 6.64064053e+01 0.00000000e+00 
2032.250000 6.65168034e+01 0.00000000e+00 
2032.300000 6.66238569e+01 0.00000000e+00 
2032.350000 6.67274866e+01 0.00000000e+00 
2032.400000 6.68277008e+01 0.00000000e+00 
2032.450000 6.69246288e+01 0.00000000e+00 
2032.500000 6.70182363e+01 0.00000000e+00 
2032.550000 6.71084589e+01 0.00000000e+00 
2032.600000 6.71952115e+01 0.00000000e+00 
2032.650000 6.72785656e+01 0.00000000e+00 
2032.700000 6.73585141e+01 0.00000000e+00 
2032.750000 6.74350569e+01 0.00000000e+00 
2032.800000 6.75081548e+01 0.00000000e+00 
2032.850000 6.75778474e+01 0.00000000e+00 
2032.900000 6.76441233e+01 0.00000000e+00 
2032.950000 6.77071415e+01 0.00000000e+00 
2033.000000 6.77668437e+01 0.00000000e+00 
2033.050000 6.78232334e+01 0.00000000e+00 
2033.100000 6.78763849e+01 0.00000000e+00 
2033.150000 6.79262696e+01 0.00000000e+00 
2033.200000 6.79729723e+01 0.00000000e+00 
2033.250000 6.80164662e+01 0.00000000e+00 
2033.300000 6.80568527e+01 0.00000000e+00 
2033.350000 6.80940970e+01 0.00000000e+00 
2033.400000 6.81282872e+01 0.00000000e+00 
2033.450000 6.81594807e+01 0.00000000e+00 
2033.500000 6.81877023e+01 0.00000000e+00 
2033.550000 6.82131135e+01 0.00000000e+00 
2033.600000 6.82357001e+01 0.00000000e+00 
2033.650000 6.82556326e+01 0.00000000e+00 
2033.700000 6.82728212e+01 0.00000000e+00 
2033.750000 6.82875147e+01 0.00000000e+00 
2033.800000 6.82997298e+01 0.00000000e+00 
2033.850000 6.83094865e+01 0.00000000e+00 
2033.900000 6.83169183e+01 0.00000000e+00 
2033.950000 6.83220924e+01 0.00000000e+00 
2034.000000 6.83250659e+01 0.00000000e+00 
2034.050000 6.83259853e+01 0.00000000e+00 
2034.100000 6.83249294e+01 0.00000000e+00 
2034.150000 6.83219018e+01 0.00000000e+00 
2034.200000 6.83170489e+01 0.00000000e+00 
2034.250000 6.83104109e+01 0.00000000e+00 
2034.300000 6.83022082e+01 0.00000000e+00 
2034.350000 6.82924764e+01 0.00000000e+00 
2034.400000 6.82812997e+01 0.00000000e+00 
2034.450000 6.82688120e+01 0.00000000e+00 
2034.500000 6.82550576e+01 0.00000000e+00 
2034.550000 6.82402417e+01 0.00000000e+00 
2034.600000 6.82244155e+01 0.00000000e+00 
2034.650000 6.82076914e+01 0.00000000e+00 
2034.700000 6.81901709e+01 0.00000000e+00 
2034.750000 6.81720171e+01 0.00000000e+00 
2034.800000 6.81533328e+01 0.00000000e+00 
2034.850000 6.81341878e+01 0.00000000e+00 
2034.900000 6.81147133e+01 0.00000000e+00 
2034.950000 6.80949911e+01 0.00000000e+00 
2035.000000 6.80751320e+01 0.00000000e+00 
2035.050000 6.80551916e+01 0.00000000e+00 
2035.100000 6.80353386e+01 0.00000000e+00 
2035.150000 6.80157768e+01 0.00000000e+00 
2035.200000 6.79964762e+01 0.00000000e+00 
2035.250000 6.79775916e+01 0.00000000e+00 
2035.300000 6.79593623e+01 0.00000000e+00 
2035.350000 6.79418513e+01 0.00000000e+00 
2035.400000 6.79251921e+01 0.00000000e+00 
2035.450000 6.79094614e+01 0.00000000e+00 
2035.500000 6.78949000e+01 0.00000000e+00 
2035.550000 6.78814948e+01 0.00000000e+00 
2035.600000 6.78693576e+01 0.00000000e+00 
2035.650000 6.78585883e+01 0.00000000e+00 
2035.700000 6.78492424e+01 0.00000000e+00 
2035.750000 6.78414956e+01 0.00000000e+00 
2035.800000 6.78354457e+01 0.00000000e+00 
2035.850000 6.78312076e+01 0.00000000e+00 
2035.900000 6.78289242e+01 0.00000000e+00 
2035.950000 6.78286461e+01 0.00000000e+00 
2036.000000 6.78304777e+01 0.00000000e+00 
2036.050000 6.78345447e+01 0.00000000e+00 
2036.100000 6.78409483e+01 0.00000000e+00 
2036.150000 6.78498238e+01 0.00000000e+00 
2036.200000 6.78612696e+01 0.00000000e+00 
2036.250000 6.79109166e+01 0.00000000e+00 
2036.300000 6.79616972e+01 0.00000000e+00 
2036.350000 6.80137440e+01 0.00000000e+00 
2036.400000 6.80670422e+01 0.00000000e+00 
2036.450000 6.81217734e+01 0.00000000e+00 
2036.500000 6.81778931e+01 0.00000000e+00 
2036.550000 6.82355615e+01 0.00000000e+00 
2036.600000 6.82947926e+01 0.00000000e+00 
2036.650000 6.83555899e+01 0.00000000e+00 
2036.700000 6.84179556e+01 0.00000000e+00 
2036.750000 6.84820347e+01 0.00000000e+00 
2036.800000 6.85477988e+01 0.00000000e+00 
2036.850000 6.86153613e+01 0.00000000e+00 
2036.900000 6.86847886e+01 0.00000000e+00 
2036.950000 6.87559452e+01 0.00000000e+00 
2037.000000 6.88290270e+01 0.00000000e+00 
2037.050000 6.89040956e+01 0.00000000e+00 
2037.100000 6.89811475e+01 0.00000000e+00 
2037.150000 6.90601745e+01 0.00000000e+00 
2037.200000 6.91412738e+01 0.00000000e+00 
2037.250000 6.92246534e+01 0.00000000e+00 
2037.300000 6.93103113e+01 0.00000000e+00 
2037.350000 6.93982871e+01 0.00000000e+00 
2037.400000 6.94886258e+01 0.00000000e+00 
2037.450000 6.95813819e+01 0.00000000e+00 
2037.500000 6.96766248e+01 0.00000000e+00 
2037.550000 6.97743998e+01 0.00000000e+00 
2037.600000 6.98748545e+01 0.00000000e+00 
2037.650000 6.99779127e+01 0.00000000e+00 
2037.700000 7.00836404e+01 0.00000000e+00 
2037.750000 7.01919303e+01 0.00000000e+00 
2037.800000 7.03027587e+01 0.00000000e+00 
2037.850000 7.04162889e+01 0.00000000e+00 
2037.900000 7.05323299e+01 0.00000000e+00 
2037.950000 7.06509562e+01 0.00000000e+00 
2038.000000 7.07722112e+01 0.00000000e+00 
2038.050000 7.08960874e+01 0.00000000e+00 
2038.100000 7.10225841e+01 0.00000000e+00 
2038.150000 7.11517508e+01 0.00000000e+00 
2038.200000 7.12836405e+01 0.00000000e+00 
2038.250000 7.14183140e+01 0.00000000e+00 
2038.300000 7.15557621e+01 0.00000000e+00 
2038.350000 7.16961289e+01 0.00000000e+00 
2038.400000 7.18394328e+01 0.00000000e+00 
2038.450000 7.19855944e+01 0.00000000e+00 
2038.500000 7.21345982e+01 0.00000000e+00 
2038.550000 7.22864667e+01 0.00000000e+00 
2038.600000 7.24412682e+01 0.00000000e+00 
2038.650000 7.25990198e+01 0.00000000e+00 
2038.700000 7.27596935e+01 0.00000000e+00 
2038.750000 7.29232023e+01 0.00000000e+00 
2038.800000 7.30893718e+01 0.00000000e+00 
2038.850000 7.32582116e+01 0.00000000e+00 
2038.900000 7.34296081e+01 0.00000000e+00 
2038.950000 7.36035512e+01 0.00000000e+00 
2039.000000 7.37801061e+01 0.00000000e+00 
2039.050000 7.39590419e+01 0.00000000e+00 
2039.100000 7.41403364e+01 0.00000000e+00 
2039.150000 7.43241018e+01 0.00000000e+00 
2039.200000 7.45102281e+01 0.00000000e+00 
2039.250000 7.46988964e+01 0.00000000e+00 
2039.300000 7.48899446e+01 0.00000000e+00 
2039.350000 7.50832992e+01 0.00000000e+00 
2039.400000 7.52790635e+01 0.00000000e+00 
2039.450000 7.54773160e+01 0.00000000e+00 
2039.500000 7.56779982e+01 0.00000000e+00 
2039.550000 7.58810075e+01 0.00000000e+00 
2039.600000 7.60863026e+01 0.00000000e+00 
2039.650000 7.62937476e+01 0.00000000e+00 
2039.700000 7.65032059e+01 0.00000000e+00 
2039.750000 7.67146280e+01 0.00000000e+00 
2039.800000 7.69278026e+01 0.00000000e+00 
2039.850000 7.71427084e+01 0.00000000e+00 
2039.900000 7.73592188e+01 0.00000000e+00 
2039.950000 7.75771720e+01 0.00000000e+00 
2040.000000 7.77965132e+01 0.00000000e+00 
2040.050000 7.80172347e+01 0.00000000e+00 
2040.100000 7.82393304e+01 0.00000000e+00 
2040.150000 7.84627133e+01 0.00000000e+00 
2040.200000 7.86872393e+01 0.00000000e+00 
2040.250000 7.89128649e+01 0.00000000e+00 
2040.300000 7.91397029e+01 0.00000000e+00 
2040.350000 7.93676547e+01 0.00000000e+00 
2040.400000 7.95966319e+01 0.00000000e+00 
2040.450000 7.98266661e+01 0.00000000e+00 
2040.500000 8.00576347e+01 0.00000000e+00 
2040.550000 8.02893080e+01 0.00000000e+00 
2040.600000 8.05217747e+01 0.00000000e+00 
2040.650000 8.07547904e+01 0.00000000e+00 
2040.700000 8.09881690e+01 0.00000000e+00 
2040.750000 8.12218479e+01 0.00000000e+00 
2040.800000 8.14556341e+01 0.00000000e+00 
2040.850000 8.16893980e+01 0.00000000e+00 
2040.900000 8.19229273e+01 0.00000000e+00 
2040.950000 8.21561881e+01 0.00000000e+00 
2041.000000 8.23890673e+01 0.00000000e+00 
2041.050000 8.26212854e+01 0.00000000e+00 
2041.100000 8.28528020e+01 0.00000000e+00 
2041.150000 8.30836159e+01 0.00000000e+00 
2041.200000 8.33135803e+01 0.00000000e+00 
2041.250000 8.35427926e+01 0.00000000e+00 
2041.300000 8.37711766e+01 0.00000000e+00 
2041.350000 8.39986725e+01 0.00000000e+00 
2041.400000 8.42251210e+01 0.00000000e+00 
2041.450000 8.44504842e+01 0.00000000e+00 
2041.500000 8.46744805e+01 0.00000000e+00 
2041.550000 8.48971394e+01 0.00000000e+00 
2041.600000 8.51182940e+01 0.00000000e+00 
2041.650000 8.53377842e+01 0.00000000e+00 
2041.700000 8.55554443e+01 0.00000000e+00 
2041.750000 8.57711100e+01 0.00000000e+00 
2041.800000 8.59845100e+01 0.00000000e+00 
2041.850000 8.61957133e+01 0.00000000e+00 
2041.900000 8.64043454e+01 0.00000000e+00 
2041.950000 8.66102935e+01 0.00000000e+00 
2042.000000 8.68136160e+01 0.00000000e+00 
2042.050000 8.70139898e+01 0.00000000e+00 
2042.100000 8.72113496e+01 0.00000000e+00 
2042.150000 8.74056181e+01 0.00000000e+00 
2042.200000 8.75968844e+01 0.00000000e+00 
2042.250000 8.77849026e+01 0.00000000e+00 
2042.300000 8.79697340e+01 0.00000000e+00 
2042.350000 8.81515105e+01 0.00000000e+00 
2042.400000 8.83300648e+01 0.00000000e+00 
2042.450000 8.85052286e+01 0.00000000e+00 
2042.500000 8.86768383e+01 0.00000000e+00 
2042.550000 8.88450409e+01 0.00000000e+00 
2042.600000 8.90096163e+01 0.00000000e+00 
2042.650000 8.91704828e+01 0.00000000e+00 
2042.700000 8.93272895e+01 0.00000000e+00 
2042.750000 8.94801756e+01 0.00000000e+00 
2042.800000 8.96287408e+01 0.00000000e+00 
2042.850000 8.97729181e+01 0.00000000e+00 
2042.900000 8.99124517e+01 0.00000000e+00 
2042.950000 9.00473590e+01 0.00000000e+00 
2043.000000 9.01774586e+01 0.00000000e+00 
2043.050000 9.03028632e+01 0.00000000e+00 
2043.100000 9.04233868e+01 0.00000000e+00 
2043.150000 9.05389728e+01 0.00000000e+00 
2043.200000 9.06496162e+01 0.00000000e+00 
2043.250000 9.07554539e+01 0.00000000e+00 
2043.300000 9.08563138e+01 0.00000000e+00 
2043.350000 9.09523837e+01 0.00000000e+00 
2043.400000 9.10435161e+01 0.00000000e+00 
2043.450000 9.11299174e+01 0.00000000e+00 
2043.500000 9.12114509e+01 0.00000000e+00 
2043.550000 9.12879225e+01 0.00000000e+00 
2043.600000 9.13591694e+01 0.00000000e+00 
2043.650000 9.14252571e+01 0.00000000e+00 
2043.700000 9.14859483e+01 0.00000000e+00 
2043.750000 9.15411334e+01 0.00000000e+00 
2043.800000 9.15907827e+01 0.00000000e+00 
2043.850000 9.16347589e+01 0.00000000e+00 
2043.900000 9.16727252e+01 0.00000000e+00 
2043.950000 9.17049464e+01 0.00000000e+00 
2044.000000 9.17312305e+01 0.00000000e+00 
2044.050000 9.17515653e+01 0.00000000e+00 
2044.100000 9.17659901e+01 0.00000000e+00 
2044.150000 9.17745437e+01 0.00000000e+00 
2044.200000 9.17772197e+01 0.00000000e+00 
2044.250000 9.17742159e+01 0.00000000e+00 
2044.300000 9.17657263e+01 0.00000000e+00 
2044.350000 9.17517359e+01 0.00000000e+00 
2044.400000 9.17322380e+01 0.00000000e+00 
2044.450000 9.17072869e+01 0.00000000e+00 
2044.500000 9.16768842e+01 0.00000000e+00 
2044.550000 9.16408581e+01 0.00000000e+00 
2044.600000 9.15995317e+01 0.00000000e+00 
2044.650000 9.15526760e+01 0.00000000e+00 
2044.700000 9.15003449e+01 0.00000000e+00 
2044.750000 9.14423928e+01 0.00000000e+00 
2044.800000 9.13788786e+01 0.00000000e+00 
2044.850000 9.13097749e+01 0.00000000e+00 
2044.900000 9.12349671e+01 0.00000000e+00 
2044.950000 9.11543943e+01 0.00000000e+00 
2045.000000 9.10683201e+01 0.00000000e+00 
2045.050000 9.09765334e+01 0.00000000e+00 
2045.100000 9.08791778e+01 0.00000000e+00 
2045.150000 9.07761030e+01 0.00000000e+00 
2045.200000 9.06678615e+01 0.00000000e+00 
2045.250000 9.05545663e+01 0.00000000e+00 
2045.300000 9.04366323e+01 0.00000000e+00 
2045.350000 9.03138235e+01 0.00000000e+00 
2045.400000 9.01862307e+01 0.00000000e+00 
2045.450000 9.00541617e+01 0.00000000e+00 
2045.500000 8.99177322e+01 0.00000000e+00 
2045.550000 8.97770148e+01 0.00000000e+00 
2045.600000 8.96319810e+01 0.00000000e+00 
2045.650000 8.94826285e+01 0.00000000e+00 
2045.700000 8.93290657e+01 0.00000000e+00 
2045.750000 8.91714189e+01 0.00000000e+00 
2045.800000 8.90095308e+01 0.00000000e+00 
2045.850000 8.88437043e+01 0.00000000e+00 
2045.900000 8.86737763e+01 0.00000000e+00 
2045.950000 8.84998061e+01 0.00000000e+00 
2046.000000 8.83215118e+01 0.00000000e+00 
2046.050000 8.81394436e+01 0.00000000e+00 
2046.100000 8.79536974e+01 0.00000000e+00 
2046.150000 8.77644180e+01 0.00000000e+00 
2046.200000 8.75720399e+01 0.00000000e+00 
2046.250000 8.73764225e+01 0.00000000e+00 
2046.300000 8.71783699e+01 0.00000000e+00 
2046.350000 8.69780515e+01 0.00000000e+00 
2046.400000 8.67755690e+01 0.00000000e+00 
2046.450000 8.65706969e+01 0.00000000e+00 
2046.500000 8.63637311e+01 0.00000000e+00 
2046.550000 8.61551102e+01 0.00000000e+00 
2046.600000 8.59448112e+01 0.00000000e+00 
2046.650000 8.57330636e+01 0.00000000e+00 
2046.700000 8.55198096e+01 0.00000000e+00 
2046.750000 8.53047946e+01 0.00000000e+00 
2046.800000 8.50884780e+01 0.00000000e+00 
2046.850000 8.48705157e+01 0.00000000e+00 
2046.900000 8.46514538e+01 0.00000000e+00 
2046.950000 8.44312746e+01 0.00000000e+00 
2047.000000 8.42098931e+01 0.00000000e+00 
2047.050000 8.39875845e+01 0.00000000e+00 
2047.100000 8.37644997e+01 0.00000000e+00 
2047.150000 8.35410945e+01 0.00000000e+00 
2047.200000 8.33176556e+01 0.00000000e+00 
2047.250000 8.30944192e+01 0.00000000e+00 
2047.300000 8.28717196e+01 0.00000000e+00 
2047.350000 8.26499365e+01 0.00000000e+00 
2047.400000 8.24291423e+01 0.00000000e+00 
2047.450000 8.22093298e+01 0.00000000e+00 
2047.500000 8.19908967e+01 0.00000000e+00 
2047.550000 8.17740058e+01 0.00000000e+00 
2047.600000 8.15589367e+01 0.00000000e+00 
2047.650000 8.13458050e+01 0.00000000e+00 
2047.700000 8.11346660e+01 0.00000000e+00 
2047.750000 8.09256174e+01 0.00000000e+00 
2047.800000 8.07188833e+01 0.00000000e+00 
2047.850000 8.05142660e+01 0.00000000e+00 
2047.900000 8.03117473e+01 0.00000000e+00 
2047.950000 8.01112537e+01 0.00000000e+00 
2048.000000 7.99130210e+01 0.00000000e+00 
2048.050000 7.97172443e+01 0.00000000e+00 
2048.100000 7.95238911e+01 0.00000000e+00 
2048.150000 7.93335957e+01 0.00000000e+00 
2048.200000 7.91465008e+01 0.00000000e+00 
2048.250000 7.89630219e+01 0.00000000e+00 
2048.300000 7.87835379e+01 0.00000000e+00 
2048.350000 7.86084333e+01 0.00000000e+00 
2048.400000 7.84383866e+01 0.00000000e+00 
2048.450000 7.82732809e+01 0.00000000e+00 
2048.500000 7.81134757e+01 0.00000000e+00 
2048.550000 7.79590604e+01 0.00000000e+00 
2048.600000 7.78103450e+01 0.00000000e+00 
2048.650000 7.76671672e+01 0.00000000e+00 
2048.700000 7.75301931e+01 0.00000000e+00 
2048.750000 7.73983244e+01 0.00000000e+00 
2048.800000 7.72716695e+01 0.00000000e+00 
2048.850000 7.71506177e+01 0.00000000e+00 
2048.900000 7.70351439e+01 0.00000000e+00 
2048.950000 7.69249247e+01 0.00000000e+00 
2049.000000 7.68199793e+01 0.00000000e+00 
2049.050000 7.67200828e+01 0.00000000e+00 
2049.100000 7.66254928e+01 0.00000000e+00 
2049.150000 7.65367204e+01 0.00000000e+00 
2049.200000 7.64536456e+01 0.00000000e+00 
2049.250000 7.63777399e+01 0.00000000e+00 
2049.300000 7.63085256e+01 0.00000000e+00 
2049.350000 7.62466568e+01 0.00000000e+00 
2049.400000 7.61928613e+01 0.00000000e+00 
2049.450000 7.61469595e+01 0.00000000e+00 
2049.500000 7.61096747e+01 0.00000000e+00 
2049.550000 7.60803409e+01 0.00000000e+00 
2049.600000 7.60599195e+01 0.00000000e+00 
2049.650000 7.60485787e+01 0.00000000e+00 
2049.700000 7.60455887e+01 0.00000000e+00 
2049.750000 7.60507149e+01 0.00000000e+00 
2049.800000 7.60637188e+01 0.00000000e+00 
2049.850000 7.60844036e+01 0.00000000e+00 
2049.900000 7.61118099e+01 0.00000000e+00 
2049.950000 7.61461044e+01 0.00000000e+00 
2050.000000 7.61876218e+01 0.00000000e+00 
2050.050000 7.62366754e+01 0.00000000e+00 
2050.100000 7.62931006e+01 0.00000000e+00 
2050.150000 7.63554515e+01 0.00000000e+00 
2050.200000 7.64255991e+01 0.00000000e+00 
2050.250000 7.65039664e+01 0.00000000e+00 
2050.300000 7.65906479e+01 0.00000000e+00 
2050.350000 7.66855108e+01 0.00000000e+00 
2050.400000 7.67908204e+01 0.00000000e+00 
2050.450000 7.69059637e+01 0.00000000e+00 
2050.500000 7.70318022e+01 0.00000000e+00 
2050.550000 7.71688453e+01 0.00000000e+00 
2050.600000 7.73165374e+01 0.00000000e+00 
2050.650000 7.74767086e+01 0.00000000e+00 
2050.700000 7.76489417e+01 0.00000000e+00 
2050.750000 7.78325995e+01 0.00000000e+00 
2050.800000 7.80287065e+01 0.00000000e+00 
2050.850000 7.82355507e+01 0.00000000e+00 
2050.900000 7.84500663e+01 0.00000000e+00 
2050.950000 7.86728141e+01 0.00000000e+00 
2051.000000 7.89058665e+01 0.00000000e+00 
2051.050000 7.91477887e+01 0.00000000e+00 
2051.100000 7.93961406e+01 0.00000000e+00 
2051.150000 7.96481496e+01 0.00000000e+00 
