2000.000000 6.13306564e+00 0.00000000e+00 
2000.050000 5.74962118e+00 0.00000000e+00 
2000.100000 4.85747261e+00 0.00000000e+00 
2000.150000 3.54512370e+00 0.00000000e+00 
2000.200000 1.93262165e+00 0.00000000e+00 
2000.250000 1.73561369e-01 0.00000000e+00 
2000.300000 -1.57885512e+00 0.00000000e+00 
2000.350000 -3.16165283e+00 0.00000000e+00 
2000.400000 -4.42442881e+00 0.00000000e+00 
2000.450000 -5.25001338e+00 0.00000000e+00 
2000.500000 -5.57004314e+00 0.00000000e+00 
2000.550000 -5.35462402e+00 0.00000000e+00 
2000.600000 -4.63122809e+00 0.00000000e+00 
2000.650000 -3.47479950e+00 0.00000000e+00 
2000.700000 -1.99593673e+00 0.00000000e+00 
2000.750000 -3.43444601e-01 0.00000000e+00 
2000.800000 1.32013095e+00 0.00000000e+00 
2000.850000 2.83266330e+00 0.00000000e+00 
2000.900000 4.04480708e+00 0.00000000e+00 
2000.950000 4.84191628e+00 0.00000000e+00 
2001.000000 5.14908221e+00 0.00000000e+00 
2001.050000 4.93680725e+00 0.00000000e+00 
2001.100000 4.22854863e+00 0.00000000e+00 
2001.150000 3.09672631e+00 0.00000000e+00 
2001.200000 1.65382919e+00 0.00000000e+00 
2001.250000 4.22320687e-02 0.00000000e+00 
2001.300000 -1.57920855e+00 0.00000000e+00 
2001.350000 -3.05167215e+00 0.00000000e+00 
2001.400000 -4.23000544e+00 0.00000000e+00 
2001.450000 -4.99976592e+00 0.00000000e+00 
2001.500000 -5.28538119e+00 0.00000000e+00 
2001.550000 -5.06070860e+00 0.00000000e+00 
2001.600000 -4.34802972e+00 0.00000000e+00 
2001.650000 -3.21728477e+00 0.00000000e+00 
2001.700000 -1.77955930e+00 0.00000000e+00 
2001.750000 -1.76664609e-01 0.00000000e+00 
2001.800000 1.43500862e+00 0.00000000e+00 
2001.850000 2.89776096e+00 0.00000000e+00 
2001.900000 4.06823560e+00 0.00000000e+00 
2001.950000 4.83224571e+00 0.00000000e+00 
2002.000000 5.11602659e+00 0.00000000e+00 
2002.050000 4.89308395e+00 0.00000000e+00 
2002.100000 4.18457822e+00 0.00000000e+00 
2002.150000 3.06011763e+00 0.00000000e+00 
2002.200000 1.63073358e+00 0.00000000e+00 
2002.250000 3.66626930e-02 0.00000000e+00 
2002.300000 -1.56624090e+00 0.00000000e+00 
2002.350000 -3.02098853e+00 0.00000000e+00 
2002.400000 -4.18460992e+00 0.00000000e+00 
2002.450000 -4.94314621e+00 0.00000000e+00 
2002.500000 -5.22288337e+00 0.00000000e+00 
2002.550000 -4.99636241e+00 0.00000000e+00 
2002.600000 -4.28600056e+00 0.00000000e+00 
2002.650000 -3.16149729e+00 0.00000000e+00 
2002.700000 -1.73277931e+00 0.00000000e+00 
2002.750000 -1.39992430e-01 0.00000000e+00 
2002.800000 1.46117793e+00 0.00000000e+00 
2002.850000 2.91373841e+00 0.00000000e+00 
2002.900000 4.07520006e+00 0.00000000e+00 
2002.950000 4.83262976e+00 0.00000000e+00 
2003.000000 5.11195622e+00 0.00000000e+00 
2003.050000 4.88575245e+00 0.00000000e+00 
2003.100000 4.17649844e+00 0.00000000e+00 
2003.150000 3.05390252e+00 0.00000000e+00 
2003.200000 1.62758836e+00 0.00000000e+00 
2003.250000 3.78981580e-02 0.00000000e+00 
2003.300000 -1.55931786e+00 0.00000000e+00 
2003.350000 -3.00762433e+00 0.00000000e+00 
2003.400000 -4.16515104e+00 0.00000000e+00 
2003.450000 -4.91832450e+00 0.00000000e+00 
2003.500000 -5.19359902e+00 0.00000000e+00 
2003.550000 -4.96409072e+00 0.00000000e+00 
2003.600000 -4.25225188e+00 0.00000000e+00 
2003.650000 -3.12795195e+00 0.00000000e+00 
2003.700000 -1.70141529e+00 0.00000000e+00 
2003.750000 -1.12565647e-01 0.00000000e+00 
2003.800000 1.48302828e+00 0.00000000e+00 
2003.850000 2.92849438e+00 0.00000000e+00 
2003.900000 4.08252543e+00 0.00000000e+00 
2003.950000 4.83164648e+00 0.00000000e+00 
2004.000000 5.10302874e+00 0.00000000e+00 
2004.050000 4.87009853e+00 0.00000000e+00 
2004.100000 4.15579247e+00 0.00000000e+00 
2004.150000 3.03093036e+00 0.00000000e+00 
2004.200000 1.60553374e+00 0.00000000e+00 
2004.250000 1.97965540e-02 0.00000000e+00 
2004.300000 -1.57064653e+00 0.00000000e+00 
2004.350000 -3.01028990e+00 0.00000000e+00 
2004.400000 -4.15805328e+00 0.00000000e+00 
2004.450000 -4.90132782e+00 0.00000000e+00 
2004.500000 -5.16759288e+00 0.00000000e+00 
2004.550000 -4.93113163e+00 0.00000000e+00 
2004.600000 -4.21495113e+00 0.00000000e+00 
2004.650000 -3.08911844e+00 0.00000000e+00 
2004.700000 -1.66436372e+00 0.00000000e+00 
2004.750000 -8.07130088e-02 0.00000000e+00 
2004.800000 1.50697354e+00 0.00000000e+00 
2004.850000 2.94310345e+00 0.00000000e+00 
2004.900000 4.08700867e+00 0.00000000e+00 
2004.950000 4.82682053e+00 0.00000000e+00 
2005.000000 5.09032635e+00 0.00000000e+00 
2005.050000 4.85186037e+00 0.00000000e+00 
2005.100000 4.13487505e+00 0.00000000e+00 
2005.150000 3.00998107e+00 0.00000000e+00 
2005.200000 1.58724949e+00 0.00000000e+00 
2005.250000 6.38048042e-03 0.00000000e+00 
2005.300000 -1.57751750e+00 0.00000000e+00 
2005.350000 -3.00931343e+00 0.00000000e+00 
2005.400000 -4.14872154e+00 0.00000000e+00 
2005.450000 -4.88437336e+00 0.00000000e+00 
2005.500000 -5.14404414e+00 0.00000000e+00 
2005.550000 -4.90252612e+00 0.00000000e+00 
2005.600000 -4.18379115e+00 0.00000000e+00 
2005.650000 -3.05838950e+00 0.00000000e+00 
2005.700000 -1.63647416e+00 0.00000000e+00 
2005.750000 -5.76379527e-02 0.00000000e+00 
2005.800000 1.52377145e+00 0.00000000e+00 
2005.850000 2.95305244e+00 0.00000000e+00 
2005.900000 4.09018002e+00 0.00000000e+00 
2005.950000 4.82370954e+00 0.00000000e+00 
2006.000000 5.08222190e+00 0.00000000e+00 
2006.050000 4.84037106e+00 0.00000000e+00 
2006.100000 4.12205882e+00 0.00000000e+00 
2006.150000 2.99769546e+00 0.00000000e+00 
2006.200000 1.57738660e+00 0.00000000e+00 
2006.250000 5.19468523e-04 0.00000000e+00 
2006.300000 -1.57847506e+00 0.00000000e+00 
2006.350000 -3.00508820e+00 0.00000000e+00 
2006.400000 -4.13975561e+00 0.00000000e+00 
2006.450000 -4.87118539e+00 0.00000000e+00 
2006.500000 -5.12775428e+00 0.00000000e+00 
2006.550000 -4.88427189e+00 0.00000000e+00 
2006.600000 -4.16460892e+00 0.00000000e+00 
2006.650000 -3.03914712e+00 0.00000000e+00 
2006.700000 -1.61817239e+00 0.00000000e+00 
2006.750000 -4.09109674e-02 0.00000000e+00 
2006.800000 1.53820661e+00 0.00000000e+00 
2006.850000 2.96459053e+00 0.00000000e+00 
2006.900000 4.09860115e+00 0.00000000e+00 
2006.950000 4.82914491e+00 0.00000000e+00 
2007.000000 5.08486977e+00 0.00000000e+00 
2007.050000 4.84067468e+00 0.00000000e+00 
2007.100000 4.12048890e+00 0.00000000e+00 
2007.150000 2.99486581e+00 0.00000000e+00 
2007.200000 1.57406027e+00 0.00000000e+00 
2007.250000 -2.76403902e-03 0.00000000e+00 
2007.300000 -1.58109104e+00 0.00000000e+00 
2007.350000 -3.00632824e+00 0.00000000e+00 
2007.400000 -4.13883091e+00 0.00000000e+00 
2007.450000 -4.86756391e+00 0.00000000e+00 
2007.500000 -5.12089303e+00 0.00000000e+00 
2007.550000 -4.87429046e+00 0.00000000e+00 
2007.600000 -4.15156303e+00 0.00000000e+00 
2007.650000 -3.02361438e+00 0.00000000e+00 
2007.700000 -1.60094008e+00 0.00000000e+00 
2007.750000 -2.27307828e-02 0.00000000e+00 
2007.800000 1.55630006e+00 0.00000000e+00 
2007.850000 2.98149689e+00 0.00000000e+00 
2007.900000 4.11304737e+00 0.00000000e+00 
2007.950000 4.84029658e+00 0.00000000e+00 
2008.000000 5.09205515e+00 0.00000000e+00 
2008.050000 4.84359789e+00 0.00000000e+00 
2008.100000 4.11942675e+00 0.00000000e+00 
2008.150000 2.99049456e+00 0.00000000e+00 
2008.200000 1.56750896e+00 0.00000000e+00 
2008.250000 -9.98209837e-03 0.00000000e+00 
2008.300000 -1.58750720e+00 0.00000000e+00 
2008.350000 -3.01042457e+00 0.00000000e+00 
2008.400000 -4.13940521e+00 0.00000000e+00 
2008.450000 -4.86377311e+00 0.00000000e+00 
2008.500000 -5.11253181e+00 0.00000000e+00 
2008.550000 -4.86142381e+00 0.00000000e+00 
2008.600000 -4.13496543e+00 0.00000000e+00 
2008.650000 -3.00431859e+00 0.00000000e+00 
2008.700000 -1.58018854e+00 0.00000000e+00 
2008.750000 -2.13953294e-03 0.00000000e+00 
2008.800000 1.57534573e+00 0.00000000e+00 
2008.850000 2.99773319e+00 0.00000000e+00 
2008.900000 4.12559782e+00 0.00000000e+00 
2008.950000 4.84857441e+00 0.00000000e+00 
2009.000000 5.09608603e+00 0.00000000e+00 
2009.050000 4.84369046e+00 0.00000000e+00 
2009.100000 4.11631561e+00 0.00000000e+00 
2009.150000 2.98523880e+00 0.00000000e+00 
2009.200000 1.56118302e+00 0.00000000e+00 
2009.250000 -1.63239351e-02 0.00000000e+00 
2009.300000 -1.59289990e+00 0.00000000e+00 
2009.350000 -3.01399733e+00 0.00000000e+00 
2009.400000 -4.14020888e+00 0.00000000e+00 
2009.450000 -4.86120431e+00 0.00000000e+00 
2009.500000 -5.10637881e+00 0.00000000e+00 
2009.550000 -4.85161150e+00 0.00000000e+00 
2009.600000 -4.12180150e+00 0.00000000e+00 
2009.650000 -2.98851221e+00 0.00000000e+00 
2009.700000 -1.56261694e+00 0.00000000e+00 
2009.750000 1.62449982e-02 0.00000000e+00 
2009.800000 1.59332937e+00 0.00000000e+00 
2009.850000 3.01414989e+00 0.00000000e+00 
2009.900000 4.13946782e+00 0.00000000e+00 
2009.950000 4.85887232e+00 0.00000000e+00 
2010.000000 5.10218734e+00 0.00000000e+00 
2010.050000 4.84560519e+00 0.00000000e+00 
2010.100000 4.11413064e+00 0.00000000e+00 
2010.150000 2.97944728e+00 0.00000000e+00 
2010.200000 1.55278927e+00 0.00000000e+00 
2010.250000 -2.61167958e-02 0.00000000e+00 
2010.300000 -1.60255962e+00 0.00000000e+00 
2010.350000 -3.02190461e+00 0.00000000e+00 
2010.400000 -4.14513121e+00 0.00000000e+00 
2010.450000 -4.86216431e+00 0.00000000e+00 
2010.500000 -5.10284542e+00 0.00000000e+00 
2010.550000 -4.84364066e+00 0.00000000e+00 
2010.600000 -4.10989675e+00 0.00000000e+00 
2010.650000 -2.97339196e+00 0.00000000e+00 
2010.700000 -1.54554157e+00 0.00000000e+00 
2010.750000 3.36957233e-02 0.00000000e+00 
2010.800000 1.60964421e+00 0.00000000e+00 
2010.850000 3.02798118e+00 0.00000000e+00 
2010.900000 4.14985005e+00 0.00000000e+00 
2010.950000 4.86546843e+00 0.00000000e+00 
2011.000000 5.10466844e+00 0.00000000e+00 
2011.050000 4.84390862e+00 0.00000000e+00 
2011.100000 4.10893845e+00 0.00000000e+00 
2011.150000 2.97183837e+00 0.00000000e+00 
2011.200000 1.54393437e+00 0.00000000e+00 
2011.250000 -3.49400564e-02 0.00000000e+00 
2011.300000 -1.61011116e+00 0.00000000e+00 
2011.350000 -3.02727121e+00 0.00000000e+00 
2011.400000 -4.14773293e+00 0.00000000e+00 
2011.450000 -4.86161617e+00 0.00000000e+00 
2011.500000 -5.09908402e+00 0.00000000e+00 
2011.550000 -4.83682813e+00 0.00000000e+00 
2011.600000 -4.10053976e+00 0.00000000e+00 
2011.650000 -2.96239094e+00 0.00000000e+00 
2011.700000 -1.53397674e+00 0.00000000e+00 
2011.750000 4.47321488e-02 0.00000000e+00 
2011.800000 1.61917226e+00 0.00000000e+00 
2011.850000 3.03534923e+00 0.00000000e+00 
2011.900000 4.15448709e+00 0.00000000e+00 
2011.950000 4.86699705e+00 0.00000000e+00 
2012.000000 5.10315519e+00 0.00000000e+00 
2012.050000 4.83972313e+00 0.00000000e+00 
2012.100000 4.10260256e+00 0.00000000e+00 
2012.150000 2.96397602e+00 0.00000000e+00 
2012.200000 1.53538173e+00 0.00000000e+00 
2012.250000 -4.32389008e-02 0.00000000e+00 
2012.300000 -1.61737835e+00 0.00000000e+00 
2012.350000 -3.03271404e+00 0.00000000e+00 
2012.400000 -4.15085112e+00 0.00000000e+00 
2012.450000 -4.86231408e+00 0.00000000e+00 
2012.500000 -5.09744946e+00 0.00000000e+00 
2012.550000 -4.83311097e+00 0.00000000e+00 
2012.600000 -4.09531906e+00 0.00000000e+00 
2012.650000 -2.95637263e+00 0.00000000e+00 
2012.700000 -1.52782907e+00 0.00000000e+00 
2012.750000 5.04615293e-02 0.00000000e+00 
2012.800000 1.62388282e+00 0.00000000e+00 
2012.850000 3.03829609e+00 0.00000000e+00 
2012.900000 4.15522416e+00 0.00000000e+00 
2012.950000 4.86525951e+00 0.00000000e+00 
2013.000000 5.09908552e+00 0.00000000e+00 
2013.050000 4.83374633e+00 0.00000000e+00 
2013.100000 4.09533666e+00 0.00000000e+00 
2013.150000 2.95612317e+00 0.00000000e+00 
2013.200000 1.52756463e+00 0.00000000e+00 
2013.250000 -5.02636055e-02 0.00000000e+00 
2013.300000 -1.62299140e+00 0.00000000e+00 
2013.350000 -3.03660892e+00 0.00000000e+00 
2013.400000 -4.15288374e+00 0.00000000e+00 
2013.450000 -4.86245042e+00 0.00000000e+00 
2013.500000 -5.09595724e+00 0.00000000e+00 
2013.550000 -4.83072181e+00 0.00000000e+00 
2013.600000 -4.09268626e+00 0.00000000e+00 
2013.650000 -2.95410105e+00 0.00000000e+00 
2013.700000 -1.52643015e+00 0.00000000e+00 
2013.750000 5.04584617e-02 0.00000000e+00 
2013.800000 1.62212442e+00 0.00000000e+00 
2013.850000 3.03474371e+00 0.00000000e+00 
2013.900000 4.14999599e+00 0.00000000e+00 
2013.950000 4.85877630e+00 0.00000000e+00 
2014.000000 5.09178188e+00 0.00000000e+00 
2014.050000 4.82618195e+00 0.00000000e+00 
2014.100000 4.08803711e+00 0.00000000e+00 
2014.150000 2.94968234e+00 0.00000000e+00 
2014.200000 1.52260945e+00 0.00000000e+00 
2014.250000 -5.34820822e-02 0.00000000e+00 
2014.300000 -1.62426072e+00 0.00000000e+00 
2014.350000 -3.03594987e+00 0.00000000e+00 
2014.400000 -4.15049647e+00 0.00000000e+00 
2014.450000 -4.85887848e+00 0.00000000e+00 
2014.500000 -5.09185163e+00 0.00000000e+00 
2014.550000 -4.82670806e+00 0.00000000e+00 
2014.600000 -4.08952621e+00 0.00000000e+00 
2014.650000 -2.95253166e+00 0.00000000e+00 
2014.700000 -1.52710500e+00 0.00000000e+00 
2014.750000 4.71437020e-02 0.00000000e+00 
2014.800000 1.61610854e+00 0.00000000e+00 
2014.850000 3.02630000e+00 0.00000000e+00 
2014.900000 4.13976688e+00 0.00000000e+00 
2014.950000 4.84760775e+00 0.00000000e+00 
2015.000000 5.07712007e+00 0.00000000e+00 
2015.050000 4.80976859e+00 0.00000000e+00 
2015.100000 4.07189834e+00 0.00000000e+00 
2015.150000 2.93570579e+00 0.00000000e+00 
2015.200000 1.51252885e+00 0.00000000e+00 
2015.250000 -5.83814135e-02 0.00000000e+00 
2015.300000 -1.62297896e+00 0.00000000e+00 
2015.350000 -3.02820521e+00 0.00000000e+00 
2015.400000 -4.13651003e+00 0.00000000e+00 
2015.450000 -4.83949402e+00 0.00000000e+00 
2015.500000 -5.06828650e+00 0.00000000e+00 
2015.550000 -4.80075056e+00 0.00000000e+00 
2015.600000 -4.06316579e+00 0.00000000e+00 
2015.650000 -2.92768934e+00 0.00000000e+00 
2015.700000 -1.50585013e+00 0.00000000e+00 
2015.750000 6.33025523e-02 0.00000000e+00 
2015.800000 1.62616834e+00 0.00000000e+00 
2015.850000 3.02975860e+00 0.00000000e+00 
2015.900000 4.13703642e+00 0.00000000e+00 
2015.950000 4.83944012e+00 0.00000000e+00 
2016.000000 5.06815951e+00 0.00000000e+00 
2016.050000 4.80100574e+00 0.00000000e+00 
2016.100000 4.06426772e+00 0.00000000e+00 
2016.150000 2.92996183e+00 0.00000000e+00 
2016.200000 1.50928946e+00 0.00000000e+00 
2016.250000 -5.87693127e-02 0.00000000e+00 
2016.300000 -1.62066760e+00 0.00000000e+00 
2016.350000 -3.02353439e+00 0.00000000e+00 
2016.400000 -4.13017176e+00 0.00000000e+00 
2016.450000 -4.83225065e+00 0.00000000e+00 
2016.500000 -5.06113994e+00 0.00000000e+00 
2016.550000 -4.79434529e+00 0.00000000e+00 
2016.600000 -4.05800693e+00 0.00000000e+00 
2016.650000 -2.92428256e+00 0.00000000e+00 
2016.700000 -1.50417588e+00 0.00000000e+00 
2016.750000 6.33272252e-02 0.00000000e+00 
2016.800000 1.62464110e+00 0.00000000e+00 
2016.850000 3.02696447e+00 0.00000000e+00 
2016.900000 4.13314989e+00 0.00000000e+00 
2016.950000 4.83486897e+00 0.00000000e+00 
2017.000000 5.06332132e+00 0.00000000e+00 
2017.050000 4.79617772e+00 0.00000000e+00 
2017.100000 4.05976155e+00 0.00000000e+00 
2017.150000 2.92621600e+00 0.00000000e+00 
2017.200000 1.50651481e+00 0.00000000e+00 
2017.250000 -6.03425463e-02 0.00000000e+00 
2017.300000 -1.62082232e+00 0.00000000e+00 
2017.350000 -3.02205209e+00 0.00000000e+00 
2017.400000 -4.12692033e+00 0.00000000e+00 
2017.450000 -4.82743754e+00 0.00000000e+00 
2017.500000 -5.05496774e+00 0.00000000e+00 
2017.550000 -4.78724275e+00 0.00000000e+00 
2017.600000 -4.05049021e+00 0.00000000e+00 
2017.650000 -2.91699222e+00 0.00000000e+00 
2017.700000 -1.49780264e+00 0.00000000e+00 
2017.750000 6.80902232e-02 0.00000000e+00 
2017.800000 1.62734173e+00 0.00000000e+00 
2017.850000 3.02735380e+00 0.00000000e+00 
2017.900000 4.13117472e+00 0.00000000e+00 
2017.950000 4.83053376e+00 0.00000000e+00 
2018.000000 5.05708815e+00 0.00000000e+00 
2018.050000 4.78880682e+00 0.00000000e+00 
2018.100000 4.05201645e+00 0.00000000e+00 
2018.150000 2.91894347e+00 0.00000000e+00 
2018.200000 1.50060493e+00 0.00000000e+00 
2018.250000 -6.41159935e-02 0.00000000e+00 
2018.300000 -1.62207639e+00 0.00000000e+00 
2018.350000 -3.02066566e+00 0.00000000e+00 
2018.400000 -4.12308208e+00 0.00000000e+00 
2018.450000 -4.82145669e+00 0.00000000e+00 
2018.500000 -5.04747828e+00 0.00000000e+00 
2018.550000 -4.77918788e+00 0.00000000e+00 
2018.600000 -4.04289482e+00 0.00000000e+00 
2018.650000 -2.91080498e+00 0.00000000e+00 
2018.700000 -1.49366384e+00 0.00000000e+00 
2018.750000 6.97312234e-02 0.00000000e+00 
2018.800000 1.62636094e+00 0.00000000e+00 
2018.850000 3.02403907e+00 0.00000000e+00 
2018.900000 4.12588029e+00 0.00000000e+00 
2018.950000 4.82429269e+00 0.00000000e+00 
2019.000000 5.05090566e+00 0.00000000e+00 
2019.050000 4.78362309e+00 0.00000000e+00 
2019.100000 4.04870344e+00 0.00000000e+00 
2019.150000 2.91805286e+00 0.00000000e+00 
2019.200000 1.50241836e+00 0.00000000e+00 
2019.250000 -5.97744472e-02 0.00000000e+00 
2019.300000 -1.61575263e+00 0.00000000e+00 
2019.350000 -3.01313229e+00 0.00000000e+00 
2019.400000 -4.11519883e+00 0.00000000e+00 
2019.450000 -4.81417097e+00 0.00000000e+00 
2019.500000 -5.04165427e+00 0.00000000e+00 
2019.550000 -4.77538537e+00 0.00000000e+00 
2019.600000 -4.04153709e+00 0.00000000e+00 
2019.650000 -2.91205130e+00 0.00000000e+00 
2019.700000 -1.49734453e+00 0.00000000e+00 
2019.750000 6.42149653e-02 0.00000000e+00 
2019.800000 1.61974359e+00 0.00000000e+00 
2019.850000 3.01714383e+00 0.00000000e+00 
2019.900000 4.11969759e+00 0.00000000e+00 
2019.950000 4.81954592e+00 0.00000000e+00 
2020.000000 5.04817465e+00 0.00000000e+00 
2020.050000 4.78331177e+00 0.00000000e+00 
2020.100000 4.05086012e+00 0.00000000e+00 
2020.150000 2.92241027e+00 0.00000000e+00 
2020.200000 1.50861765e+00 0.00000000e+00 
2020.250000 -5.22655257e-02 0.00000000e+00 
2020.300000 -1.60771727e+00 0.00000000e+00 
2020.350000 -3.00543407e+00 0.00000000e+00 
2020.400000 -4.10874302e+00 0.00000000e+00 
2020.450000 -4.80960206e+00 0.00000000e+00 
2020.500000 -5.03965613e+00 0.00000000e+00 
2020.550000 -4.77616936e+00 0.00000000e+00 
2020.600000 -4.04487351e+00 0.00000000e+00 
2020.650000 -2.91732261e+00 0.00000000e+00 
2020.700000 -1.50384112e+00 0.00000000e+00 
2020.750000 5.72634520e-02 0.00000000e+00 
2020.800000 1.61315335e+00 0.00000000e+00 
2020.850000 3.01151944e+00 0.00000000e+00 
2020.900000 4.11559408e+00 0.00000000e+00 
2020.950000 4.81739730e+00 0.00000000e+00 
2021.000000 5.04815039e+00 0.00000000e+00 
2021.050000 4.78532877e+00 0.00000000e+00 
2021.100000 4.05465185e+00 0.00000000e+00 
2021.150000 2.92760528e+00 0.00000000e+00 
2021.200000 1.51453393e+00 0.00000000e+00 
2021.250000 -4.62726208e-02 0.00000000e+00 
2021.300000 -1.60211398e+00 0.00000000e+00 
2021.350000 -3.00067202e+00 0.00000000e+00 
2021.400000 -4.10496838e+00 0.00000000e+00 
2021.450000 -4.80706571e+00 0.00000000e+00 
2021.500000 -5.03825341e+00 0.00000000e+00 
2021.550000 -4.77598817e+00 0.00000000e+00 
2021.600000 -4.04596712e+00 0.00000000e+00 
2021.650000 -2.91973615e+00 0.00000000e+00 
2021.700000 -1.50749965e+00 0.00000000e+00 
2021.750000 5.24553105e-02 0.00000000e+00 
2021.800000 1.60742255e+00 0.00000000e+00 
2021.850000 3.00518827e+00 0.00000000e+00 
2021.900000 4.10896688e+00 0.00000000e+00 
2021.950000 4.81100349e+00 0.00000000e+00 
2022.000000 5.04248673e+00 0.00000000e+00 
2022.050000 4.78091949e+00 0.00000000e+00 
2022.100000 4.05203271e+00 0.00000000e+00 
2022.150000 2.92734616e+00 0.00000000e+00 
2022.200000 1.51694798e+00 0.00000000e+00 
2022.250000 -4.11909844e-02 0.00000000e+00 
2022.300000 -1.59448794e+00 0.00000000e+00 
2022.350000 -2.99092264e+00 0.00000000e+00 
2022.400000 -4.09390081e+00 0.00000000e+00 
2022.450000 -4.79563668e+00 0.00000000e+00 
2022.500000 -5.02769318e+00 0.00000000e+00 
2022.550000 -4.76737214e+00 0.00000000e+00 
2022.600000 -4.04049980e+00 0.00000000e+00 
2022.650000 -2.91818065e+00 0.00000000e+00 
2022.700000 -1.51036327e+00 0.00000000e+00 
2022.750000 4.51508089e-02 0.00000000e+00 
2022.800000 1.59623164e+00 0.00000000e+00 
2022.850000 2.99103873e+00 0.00000000e+00 
2022.900000 4.09345105e+00 0.00000000e+00 
2022.950000 4.79559208e+00 0.00000000e+00 
2023.000000 5.02885257e+00 0.00000000e+00 
2023.050000 4.77063845e+00 0.00000000e+00 
2023.100000 4.04624340e+00 0.00000000e+00 
2023.150000 2.92670980e+00 0.00000000e+00 
2023.200000 1.52163787e+00 0.00000000e+00 
2023.250000 -3.15473266e-02 0.00000000e+00 
2023.300000 -1.58078660e+00 0.00000000e+00 
2023.350000 -2.97465576e+00 0.00000000e+00 
2023.400000 -4.07678398e+00 0.00000000e+00 
2023.450000 -4.77939966e+00 0.00000000e+00 
2023.500000 -5.01391928e+00 0.00000000e+00 
2023.550000 -4.75753741e+00 0.00000000e+00 
2023.600000 -4.03560592e+00 0.00000000e+00 
2023.650000 -2.91891525e+00 0.00000000e+00 
2023.700000 -1.51679730e+00 0.00000000e+00 
2023.750000 3.35381407e-02 0.00000000e+00 
2023.800000 1.58048811e+00 0.00000000e+00 
2023.850000 2.97277350e+00 0.00000000e+00 
2023.900000 4.07442213e+00 0.00000000e+00 
2023.950000 4.77766858e+00 0.00000000e+00 
2024.000000 5.01373936e+00 0.00000000e+00 
2024.050000 4.75993256e+00 0.00000000e+00 
2024.100000 4.04112826e+00 0.00000000e+00 
2024.150000 2.92769468e+00 0.00000000e+00 
2024.200000 1.52877301e+00 0.00000000e+00 
2024.250000 -1.89415066e-02 0.00000000e+00 
2024.300000 -1.56379003e+00 0.00000000e+00 
2024.350000 -2.95472834e+00 0.00000000e+00 
2024.400000 -4.05601665e+00 0.00000000e+00 
2024.450000 -4.76009872e+00 0.00000000e+00 
2024.500000 -4.99822092e+00 0.00000000e+00 
2024.550000 -4.74725736e+00 0.00000000e+00 
2024.600000 -4.03195952e+00 0.00000000e+00 
2024.650000 -2.92227481e+00 0.00000000e+00 
2024.700000 -1.52690229e+00 0.00000000e+00 
2024.750000 1.76377665e-02 0.00000000e+00 
2024.800000 1.56039913e+00 0.00000000e+00 
2024.850000 2.95050072e+00 0.00000000e+00 
2024.900000 4.05214218e+00 0.00000000e+00 
2024.950000 4.75782257e+00 0.00000000e+00 
2025.000000 4.99850316e+00 0.00000000e+00 
2025.050000 4.75067897e+00 0.00000000e+00 
2025.100000 4.03879508e+00 0.00000000e+00 
2025.150000 2.93260836e+00 0.00000000e+00 
2025.200000 1.54045238e+00 0.00000000e+00 
2025.250000 -1.44301257e-03 0.00000000e+00 
2025.300000 -1.54241231e+00 0.00000000e+00 
2025.350000 -2.93187748e+00 0.00000000e+00 
2025.400000 -4.03401042e+00 0.00000000e+00 
2025.450000 -4.74116063e+00 0.00000000e+00 
2025.500000 -4.98417752e+00 0.00000000e+00 
2025.550000 -4.73933752e+00 0.00000000e+00 
2025.600000 -4.03081755e+00 0.00000000e+00 
2025.650000 -2.92803000e+00 0.00000000e+00 
2025.700000 -1.53883714e+00 0.00000000e+00 
2025.750000 9.57006777e-04 0.00000000e+00 
2025.800000 1.54072770e+00 0.00000000e+00 
2025.850000 2.92989764e+00 0.00000000e+00 
2025.900000 4.03263832e+00 0.00000000e+00 
2025.950000 4.74104071e+00 0.00000000e+00 
2026.000000 4.98603593e+00 0.00000000e+00 
2026.050000 4.74396084e+00 0.00000000e+00 
2026.100000 4.03842294e+00 0.00000000e+00 
2026.150000 2.93845751e+00 0.00000000e+00 
2026.200000 1.55180490e+00 0.00000000e+00 
2026.250000 1.40302867e-02 0.00000000e+00 
2026.300000 -1.52444798e+00 0.00000000e+00 
2026.350000 -2.91317646e+00 0.00000000e+00 
2026.400000 -4.01625472e+00 0.00000000e+00 
2026.450000 -4.72598997e+00 0.00000000e+00 
2026.500000 -4.97292282e+00 0.00000000e+00 
2026.550000 -4.73313171e+00 0.00000000e+00 
2026.600000 -4.03017583e+00 0.00000000e+00 
2026.650000 -2.93286866e+00 0.00000000e+00 
2026.700000 -1.54851747e+00 0.00000000e+00 
2026.750000 -1.25414620e-02 0.00000000e+00 
2026.800000 1.52482323e+00 0.00000000e+00 
2026.850000 2.91295454e+00 0.00000000e+00 
2026.900000 4.01629288e+00 0.00000000e+00 
2026.950000 4.72698958e+00 0.00000000e+00 
2027.000000 4.97549686e+00 0.00000000e+00 
2027.050000 4.73780323e+00 0.00000000e+00 
2027.100000 4.03718780e+00 0.00000000e+00 
2027.150000 2.94224889e+00 0.00000000e+00 
2027.200000 1.56013105e+00 0.00000000e+00 
2027.250000 2.61719932e-02 0.00000000e+00 
2027.300000 -1.50955007e+00 0.00000000e+00 
2027.350000 -2.89706470e+00 0.00000000e+00 
2027.400000 -4.00046271e+00 0.00000000e+00 
2027.450000 -4.71184583e+00 0.00000000e+00 
2027.500000 -4.96166556e+00 0.00000000e+00 
2027.550000 -4.72578528e+00 0.00000000e+00 
2027.600000 -4.02725985e+00 0.00000000e+00 
2027.650000 -2.93451824e+00 0.00000000e+00 
2027.700000 -1.55443903e+00 0.00000000e+00 
2027.750000 -2.22688711e-02 0.00000000e+00 
2027.800000 1.51227633e+00 0.00000000e+00 
2027.850000 2.89915175e+00 0.00000000e+00 
2027.900000 4.00277377e+00 0.00000000e+00 
2027.950000 4.71523221e+00 0.00000000e+00 
2028.000000 4.96669984e+00 0.00000000e+00 
2028.050000 4.73270341e+00 0.00000000e+00 
2028.100000 4.03615400e+00 0.00000000e+00 
2028.150000 2.94531490e+00 0.00000000e+00 
2028.200000 1.56707594e+00 0.00000000e+00 
2028.250000 3.60364370e-02 0.00000000e+00 
2028.300000 -1.49780956e+00 0.00000000e+00 
2028.350000 -2.88453663e+00 0.00000000e+00 
2028.400000 -3.98830968e+00 0.00000000e+00 
2028.450000 -4.70131547e+00 0.00000000e+00 
2028.500000 -4.95372855e+00 0.00000000e+00 
2028.550000 -4.72078752e+00 0.00000000e+00 
2028.600000 -4.02536593e+00 0.00000000e+00 
2028.650000 -2.93561082e+00 0.00000000e+00 
2028.700000 -1.55822463e+00 0.00000000e+00 
2028.750000 -2.79994934e-02 0.00000000e+00 
2028.800000 1.50532802e+00 0.00000000e+00 
2028.850000 2.89165294e+00 0.00000000e+00 
2028.900000 3.99550310e+00 0.00000000e+00 
2028.950000 4.70869838e+00 0.00000000e+00 
2029.000000 4.96147101e+00 0.00000000e+00 
2029.050000 4.72918519e+00 0.00000000e+00 
2029.100000 4.03458144e+00 0.00000000e+00 
2029.150000 2.94564874e+00 0.00000000e+00 
2029.200000 1.56901732e+00 0.00000000e+00 
2029.250000 3.93534689e-02 0.00000000e+00 
2029.300000 -1.49368284e+00 0.00000000e+00 
2029.350000 -2.88001911e+00 0.00000000e+00 
2029.400000 -3.98388296e+00 0.00000000e+00 
2029.450000 -4.69721675e+00 0.00000000e+00 
2029.500000 -4.95017667e+00 0.00000000e+00 
2029.550000 -4.71792797e+00 0.00000000e+00 
2029.600000 -4.02327560e+00 0.00000000e+00 
2029.650000 -2.93417798e+00 0.00000000e+00 
2029.700000 -1.55730395e+00 0.00000000e+00 
2029.750000 -2.73363512e-02 0.00000000e+00 
2029.800000 1.50590307e+00 0.00000000e+00 
2029.850000 2.89222157e+00 0.00000000e+00 
2029.900000 3.99590602e+00 0.00000000e+00 
2029.950000 4.70892735e+00 0.00000000e+00 
2030.000000 4.96147899e+00 0.00000000e+00 
2030.050000 4.72892416e+00 0.00000000e+00 
2030.100000 4.03397902e+00 0.00000000e+00 
2030.150000 2.94487388e+00 0.00000000e+00 
2030.200000 1.56798599e+00 0.00000000e+00 
2030.250000 3.81205583e-02 0.00000000e+00 
2030.300000 -1.49517288e+00 0.00000000e+00 
2030.350000 -2.88148113e+00 0.00000000e+00 
2030.400000 -3.98513097e+00 0.00000000e+00 
2030.450000 -4.69811506e+00 0.00000000e+00 
2030.500000 -4.95060363e+00 0.00000000e+00 
2030.550000 -4.71780645e+00 0.00000000e+00 
2030.600000 -4.02242823e+00 0.00000000e+00 
2030.650000 -2.93266552e+00 0.00000000e+00 
2030.700000 -1.55511062e+00 0.00000000e+00 
2030.750000 -2.47804725e-02 0.00000000e+00 
2030.800000 1.50853808e+00 0.00000000e+00 
2030.850000 2.89464680e+00 0.00000000e+00 
2030.900000 3.99774246e+00 0.00000000e+00 
2030.950000 4.70999585e+00 0.00000000e+00 
2031.000000 4.96186146e+00 0.00000000e+00 
2031.050000 4.72853843e+00 0.00000000e+00 
2031.100000 4.03281616e+00 0.00000000e+00 
2031.150000 2.94295985e+00 0.00000000e+00 
2031.200000 1.56554745e+00 0.00000000e+00 
2031.250000 3.56641656e-02 0.00000000e+00 
2031.300000 -1.49713367e+00 0.00000000e+00 
2031.350000 -2.88270728e+00 0.00000000e+00 
2031.400000 -3.98531447e+00 0.00000000e+00 
2031.450000 -4.69689343e+00 0.00000000e+00 
2031.500000 -4.94783851e+00 0.00000000e+00 
2031.550000 -4.71370734e+00 0.00000000e+00 
2031.600000 -4.01752103e+00 0.00000000e+00 
2031.650000 -2.92752338e+00 0.00000000e+00 
2031.700000 -1.55047804e+00 0.00000000e+00 
2031.750000 -2.11435904e-02 0.00000000e+00 
2031.800000 1.51070096e+00 0.00000000e+00 
2031.850000 2.89513820e+00 0.00000000e+00 
2031.900000 3.99642665e+00 0.00000000e+00 
2031.950000 4.70691925e+00 0.00000000e+00 
2032.000000 4.95723633e+00 0.00000000e+00 
2032.050000 4.72283344e+00 0.00000000e+00 
2032.100000 4.02675475e+00 0.00000000e+00 
2032.150000 2.93720064e+00 0.00000000e+00 
2032.200000 1.56084812e+00 0.00000000e+00 
2032.250000 3.25444308e-02 0.00000000e+00 
2032.300000 -1.49813222e+00 0.00000000e+00 
2032.350000 -2.88144130e+00 0.00000000e+00 
2032.400000 -3.98195299e+00 0.00000000e+00 
2032.450000 -4.69176628e+00 0.00000000e+00 
2032.500000 -4.94150173e+00 0.00000000e+00 
2032.550000 -4.70687880e+00 0.00000000e+00 
2032.600000 -4.01106729e+00 0.00000000e+00 
2032.650000 -2.92214972e+00 0.00000000e+00 
2032.700000 -1.54679250e+00 0.00000000e+00 
2032.750000 -1.96755690e-02 0.00000000e+00 
2032.800000 1.50963268e+00 0.00000000e+00 
2032.850000 2.89148809e+00 0.00000000e+00 
2032.900000 3.99063022e+00 0.00000000e+00 
2032.950000 4.69973605e+00 0.00000000e+00 
2033.000000 4.94934550e+00 0.00000000e+00 
2033.050000 4.71505695e+00 0.00000000e+00 
2033.100000 4.01992974e+00 0.00000000e+00 
2033.150000 2.93197065e+00 0.00000000e+00 
2033.200000 1.55778659e+00 0.00000000e+00 
2033.250000 3.18186229e-02 0.00000000e+00 
2033.300000 -1.49646944e+00 0.00000000e+00 
2033.350000 -2.87760051e+00 0.00000000e+00 
2033.400000 -3.97634278e+00 0.00000000e+00 
2033.450000 -4.68515579e+00 0.00000000e+00 
2033.500000 -4.93472583e+00 0.00000000e+00 
2033.550000 -4.70051111e+00 0.00000000e+00 
2033.600000 -4.00559026e+00 0.00000000e+00 
2033.650000 -2.91788194e+00 0.00000000e+00 
2033.700000 -1.54413430e+00 0.00000000e+00 
2033.750000 -1.86039993e-02 0.00000000e+00 
2033.800000 1.50925669e+00 0.00000000e+00 
2033.850000 2.88976647e+00 0.00000000e+00 
2033.900000 3.98784605e+00 0.00000000e+00 
2033.950000 4.69597335e+00 0.00000000e+00 
2034.000000 4.94479652e+00 0.00000000e+00 
2034.050000 4.71005830e+00 0.00000000e+00 
2034.100000 4.01474200e+00 0.00000000e+00 
2034.150000 2.92681315e+00 0.00000000e+00 
2034.200000 1.55288202e+00 0.00000000e+00 
2034.250000 2.74061262e-02 0.00000000e+00 
2034.300000 -1.50005622e+00 0.00000000e+00 
2034.350000 -2.88003457e+00 0.00000000e+00 
2034.400000 -3.97743887e+00 0.00000000e+00 
2034.450000 -4.68478045e+00 0.00000000e+00 
2034.500000 -4.93289513e+00 0.00000000e+00 
2034.550000 -4.69735362e+00 0.00000000e+00 
2034.600000 -4.00131691e+00 0.00000000e+00 
2034.650000 -2.91294374e+00 0.00000000e+00 
2034.700000 -1.53882448e+00 0.00000000e+00 
2034.750000 -1.34498979e-02 0.00000000e+00 
2034.800000 1.51379975e+00 0.00000000e+00 
2034.850000 2.89329979e+00 0.00000000e+00 
2034.900000 3.98999073e+00 0.00000000e+00 
2034.950000 4.69643443e+00 0.00000000e+00 
2035.000000 4.94345289e+00 0.00000000e+00 
2035.050000 4.70678372e+00 0.00000000e+00 
2035.100000 4.00970450e+00 0.00000000e+00 
2035.150000 2.92063656e+00 0.00000000e+00 
2035.200000 1.54602885e+00 0.00000000e+00 
2035.250000 2.05715369e-02 0.00000000e+00 
2035.300000 -1.50615438e+00 0.00000000e+00 
2035.350000 -2.88471644e+00 0.00000000e+00 
2035.400000 -3.98010969e+00 0.00000000e+00 
2035.450000 -4.68514063e+00 0.00000000e+00 
2035.500000 -4.93063043e+00 0.00000000e+00 
2035.550000 -4.69277923e+00 0.00000000e+00 
2035.600000 -3.99493220e+00 0.00000000e+00 
2035.650000 -2.90548986e+00 0.00000000e+00 
2035.700000 -1.53123810e+00 0.00000000e+00 
2035.750000 -6.65821528e-03 0.00000000e+00 
2035.800000 1.51895505e+00 0.00000000e+00 
2035.850000 2.89625401e+00 0.00000000e+00 
2035.900000 3.99045859e+00 0.00000000e+00 
2035.950000 4.69438565e+00 0.00000000e+00 
2036.000000 4.93915052e+00 0.00000000e+00 
2036.050000 4.70086343e+00 0.00000000e+00 
2036.100000 4.00289374e+00 0.00000000e+00 
2036.150000 2.91366404e+00 0.00000000e+00 
2036.200000 1.53983495e+00 0.00000000e+00 
2036.250000 1.21589325e-03 0.00000000e+00 
2036.300000 -1.53728575e+00 0.00000000e+00 
2036.350000 -2.92506734e+00 0.00000000e+00 
2036.400000 -4.02640661e+00 0.00000000e+00 
2036.450000 -4.73344381e+00 0.00000000e+00 
2036.500000 -4.97709445e+00 0.00000000e+00 
2036.550000 -4.73345909e+00 0.00000000e+00 
2036.600000 -4.02645909e+00 0.00000000e+00 
2036.650000 -2.92535877e+00 0.00000000e+00 
2036.700000 -1.53800727e+00 0.00000000e+00 
2036.750000 -8.48607852e-05 0.00000000e+00 
2036.800000 1.53780684e+00 0.00000000e+00 
2036.850000 2.92519782e+00 0.00000000e+00 
2036.900000 4.02629238e+00 0.00000000e+00 
2036.950000 4.73307605e+00 0.00000000e+00 
2037.000000 4.97651027e+00 0.00000000e+00 
2037.050000 4.73273947e+00 0.00000000e+00 
2037.100000 4.02555185e+00 0.00000000e+00 
2037.150000 2.92406033e+00 0.00000000e+00 
2037.200000 1.53609105e+00 0.00000000e+00 
2037.250000 -2.37486190e-03 0.00000000e+00 
2037.300000 -1.54080535e+00 0.00000000e+00 
2037.350000 -2.92863573e+00 0.00000000e+00 
2037.400000 -4.03001663e+00 0.00000000e+00 
2037.450000 -4.73708386e+00 0.00000000e+00 
2037.500000 -4.98052295e+00 0.00000000e+00 
2037.550000 -4.73645479e+00 0.00000000e+00 
2037.600000 -4.02860519e+00 0.00000000e+00 
2037.650000 -2.92633376e+00 0.00000000e+00 
2037.700000 -1.53747757e+00 0.00000000e+00 
2037.750000 1.90487464e-03 0.00000000e+00 
2037.800000 1.54107335e+00 0.00000000e+00 
2037.850000 2.92943042e+00 0.00000000e+00 
2037.900000 4.03078534e+00 0.00000000e+00 
2037.950000 4.73730688e+00 0.00000000e+00 
2038.000000 4.97979304e+00 0.00000000e+00 
2038.050000 4.73435877e+00 0.00000000e+00 
2038.100000 4.02497525e+00 0.00000000e+00 
2038.150000 2.92102744e+00 0.00000000e+00 
2038.200000 1.53055495e+00 0.00000000e+00 
2038.250000 -1.02827583e-02 0.00000000e+00 
2038.300000 -1.55067948e+00 0.00000000e+00 
2038.350000 -2.93966446e+00 0.00000000e+00 
2038.400000 -4.04120840e+00 0.00000000e+00 
2038.450000 -4.74750458e+00 0.00000000e+00 
2038.500000 -4.98932581e+00 0.00000000e+00 
2038.550000 -4.74286917e+00 0.00000000e+00 
2038.600000 -4.03208869e+00 0.00000000e+00 
2038.650000 -2.92647177e+00 0.00000000e+00 
2038.700000 -1.53423359e+00 0.00000000e+00 
2038.750000 8.29533884e-03 0.00000000e+00 
2038.800000 1.54991364e+00 0.00000000e+00 
2038.850000 2.93964521e+00 0.00000000e+00 
2038.900000 4.04124230e+00 0.00000000e+00 
2038.950000 4.74676371e+00 0.00000000e+00 
2039.000000 4.98708441e+00 0.00000000e+00 
2039.050000 4.73834821e+00 0.00000000e+00 
2039.100000 4.02482804e+00 0.00000000e+00 
2039.150000 2.91644267e+00 0.00000000e+00 
2039.200000 1.52156099e+00 0.00000000e+00 
2039.250000 -2.29982342e-02 0.00000000e+00 
2039.300000 -1.56614093e+00 0.00000000e+00 
2039.350000 -2.95673483e+00 0.00000000e+00 
2039.400000 -4.05833535e+00 0.00000000e+00 
2039.450000 -4.76283803e+00 0.00000000e+00 
2039.500000 -5.00118572e+00 0.00000000e+00 
2039.550000 -4.74996099e+00 0.00000000e+00 
2039.600000 -4.03364760e+00 0.00000000e+00 
2039.650000 -2.92241769e+00 0.00000000e+00 
2039.700000 -1.52510852e+00 0.00000000e+00 
2039.750000 2.14605945e-02 0.00000000e+00 
2039.800000 1.56564946e+00 0.00000000e+00 
2039.850000 2.95619549e+00 0.00000000e+00 
2039.900000 4.05675959e+00 0.00000000e+00 
2039.950000 4.75936249e+00 0.00000000e+00 
2040.000000 4.99510855e+00 0.00000000e+00 
2040.050000 4.74087870e+00 0.00000000e+00 
2040.100000 4.02151907e+00 0.00000000e+00 
2040.150000 2.90736335e+00 0.00000000e+00 
2040.200000 1.50739276e+00 0.00000000e+00 
2040.250000 -4.13076550e-02 0.00000000e+00 
2040.300000 -1.58686542e+00 0.00000000e+00 
2040.350000 -2.97786386e+00 0.00000000e+00 
2040.400000 -4.07802118e+00 0.00000000e+00 
2040.450000 -4.77937940e+00 0.00000000e+00 
2040.500000 -5.01319921e+00 0.00000000e+00 
2040.550000 -4.75659086e+00 0.00000000e+00 
2040.600000 -4.03439566e+00 0.00000000e+00 
2040.650000 -2.91738550e+00 0.00000000e+00 
2040.700000 -1.51499680e+00 0.00000000e+00 
2040.750000 3.54352770e-02 0.00000000e+00 
2040.800000 1.58199876e+00 0.00000000e+00 
2040.850000 2.97311444e+00 0.00000000e+00 
2040.900000 4.07237307e+00 0.00000000e+00 
2040.950000 4.77212210e+00 0.00000000e+00 
2041.000000 5.00364863e+00 0.00000000e+00 
2041.050000 4.74395672e+00 0.00000000e+00 
2041.100000 4.01845153e+00 0.00000000e+00 
2041.150000 2.89820328e+00 0.00000000e+00 
2041.200000 1.49282942e+00 0.00000000e+00 
2041.250000 -5.98397338e-02 0.00000000e+00 
2041.300000 -1.60769956e+00 0.00000000e+00 
2041.350000 -2.99906010e+00 0.00000000e+00 
2041.400000 -4.09765355e+00 0.00000000e+00 
2041.450000 -4.79572029e+00 0.00000000e+00 
2041.500000 -5.02494999e+00 0.00000000e+00 
2041.550000 -4.76262467e+00 0.00000000e+00 
2041.600000 -4.03435275e+00 0.00000000e+00 
2041.650000 -2.91139875e+00 0.00000000e+00 
2041.700000 -1.50371610e+00 0.00000000e+00 
2041.750000 5.08098649e-02 0.00000000e+00 
2041.800000 1.59977587e+00 0.00000000e+00 
2041.850000 2.99166720e+00 0.00000000e+00 
2041.900000 4.08982922e+00 0.00000000e+00 
2041.950000 4.78655992e+00 0.00000000e+00 
2042.000000 5.01367465e+00 0.00000000e+00 
2042.050000 4.74852987e+00 0.00000000e+00 
2042.100000 4.01700561e+00 0.00000000e+00 
2042.150000 2.89067959e+00 0.00000000e+00 
2042.200000 1.47995473e+00 0.00000000e+00 
2042.250000 -7.72298418e-02 0.00000000e+00 
2042.300000 -1.62820490e+00 0.00000000e+00 
2042.350000 -3.02078265e+00 0.00000000e+00 
2042.400000 -4.11858914e+00 0.00000000e+00 
2042.450000 -4.81405216e+00 0.00000000e+00 
2042.500000 -5.03900950e+00 0.00000000e+00 
2042.550000 -4.77103288e+00 0.00000000e+00 
2042.600000 -4.03635838e+00 0.00000000e+00 
2042.650000 -2.90682153e+00 0.00000000e+00 
2042.700000 -1.49323181e+00 0.00000000e+00 
2042.750000 6.62616936e-02 0.00000000e+00 
2042.800000 1.61857615e+00 0.00000000e+00 
2042.850000 3.01160673e+00 0.00000000e+00 
2042.900000 4.10868270e+00 0.00000000e+00 
2042.950000 4.80232923e+00 0.00000000e+00 
2043.000000 5.02449279e+00 0.00000000e+00 
2043.050000 4.75338625e+00 0.00000000e+00 
2043.100000 4.01536018e+00 0.00000000e+00 
2043.150000 2.88257750e+00 0.00000000e+00 
2043.200000 1.46589687e+00 0.00000000e+00 
2043.250000 -9.57053082e-02 0.00000000e+00 
2043.300000 -1.64940519e+00 0.00000000e+00 
2043.350000 -3.04273742e+00 0.00000000e+00 
2043.400000 -4.13929085e+00 0.00000000e+00 
2043.450000 -4.83133524e+00 0.00000000e+00 
2043.500000 -5.05108562e+00 0.00000000e+00 
2043.550000 -4.77701920e+00 0.00000000e+00 
2043.600000 -4.03594215e+00 0.00000000e+00 
2043.650000 -2.90025403e+00 0.00000000e+00 
2043.700000 -1.48119505e+00 0.00000000e+00 
2043.750000 8.22767715e-02 0.00000000e+00 
2043.800000 1.63712686e+00 0.00000000e+00 
2043.850000 3.03099367e+00 0.00000000e+00 
2043.900000 4.12705424e+00 0.00000000e+00 
2043.950000 4.81818777e+00 0.00000000e+00 
2044.000000 5.03648254e+00 0.00000000e+00 
2044.050000 4.76044892e+00 0.00000000e+00 
2044.100000 4.01705742e+00 0.00000000e+00 
2044.150000 2.87899917e+00 0.00000000e+00 
2044.200000 1.45757332e+00 0.00000000e+00 
2044.250000 -1.07873247e-01 0.00000000e+00 
2044.300000 -1.66392710e+00 0.00000000e+00 
2044.350000 -3.05824450e+00 0.00000000e+00 
2044.400000 -4.15430295e+00 0.00000000e+00 
2044.450000 -4.84468323e+00 0.00000000e+00 
2044.500000 -5.06168611e+00 0.00000000e+00 
2044.550000 -4.78409997e+00 0.00000000e+00 
2044.600000 -4.03869480e+00 0.00000000e+00 
2044.650000 -2.89847566e+00 0.00000000e+00 
2044.700000 -1.47486864e+00 0.00000000e+00 
2044.750000 9.26671784e-02 0.00000000e+00 
2044.800000 1.65081313e+00 0.00000000e+00 
2044.850000 3.04702301e+00 0.00000000e+00 
2044.900000 4.14441798e+00 0.00000000e+00 
2044.950000 4.83531362e+00 0.00000000e+00 
2045.000000 5.05215954e+00 0.00000000e+00 
2045.050000 4.77330451e+00 0.00000000e+00 
2045.100000 4.02594121e+00 0.00000000e+00 
2045.150000 2.88284898e+00 0.00000000e+00 
2045.200000 1.45632920e+00 0.00000000e+00 
2045.250000 -1.13992583e-01 0.00000000e+00 
2045.300000 -1.67397392e+00 0.00000000e+00 
2045.350000 -3.07130225e+00 0.00000000e+00 
2045.400000 -4.16906574e+00 0.00000000e+00 
2045.450000 -4.85945666e+00 0.00000000e+00 
2045.500000 -5.07468319e+00 0.00000000e+00 
2045.550000 -4.79351809e+00 0.00000000e+00 
2045.600000 -4.04344865e+00 0.00000000e+00 
2045.650000 -2.89772363e+00 0.00000000e+00 
2045.700000 -1.46831755e+00 0.00000000e+00 
2045.750000 1.05056019e-01 0.00000000e+00 
2045.800000 1.66820096e+00 0.00000000e+00 
2045.850000 3.06831472e+00 0.00000000e+00 
2045.900000 4.16804130e+00 0.00000000e+00 
2045.950000 4.85944983e+00 0.00000000e+00 
2046.000000 5.07424555e+00 0.00000000e+00 
2046.050000 4.79164391e+00 0.00000000e+00 
2046.100000 4.03911701e+00 0.00000000e+00 
2046.150000 2.89009484e+00 0.00000000e+00 
2046.200000 1.45719448e+00 0.00000000e+00 
2046.250000 -1.19804333e-01 0.00000000e+00 
2046.300000 -1.68584360e+00 0.00000000e+00 
2046.350000 -3.08759564e+00 0.00000000e+00 
2046.400000 -4.18785741e+00 0.00000000e+00 
2046.450000 -4.87917312e+00 0.00000000e+00 
2046.500000 -5.09343746e+00 0.00000000e+00 
2046.550000 -4.80910548e+00 0.00000000e+00 
2046.600000 -4.05382157e+00 0.00000000e+00 
2046.650000 -2.90102835e+00 0.00000000e+00 
2046.700000 -1.46343980e+00 0.00000000e+00 
2046.750000 1.18095703e-01 0.00000000e+00 
2046.800000 1.68919871e+00 0.00000000e+00 
2046.850000 3.09569261e+00 0.00000000e+00 
2046.900000 4.20026277e+00 0.00000000e+00 
2046.950000 4.89436192e+00 0.00000000e+00 
2047.000000 5.10948133e+00 0.00000000e+00 
2047.050000 4.82435655e+00 0.00000000e+00 
2047.100000 4.06636236e+00 0.00000000e+00 
2047.150000 2.90949783e+00 0.00000000e+00 
2047.200000 1.46682530e+00 0.00000000e+00 
2047.250000 -1.20731181e-01 0.00000000e+00 
2047.300000 -1.69775611e+00 0.00000000e+00 
2047.350000 -3.10975359e+00 0.00000000e+00 
2047.400000 -4.21849022e+00 0.00000000e+00 
2047.450000 -4.91539156e+00 0.00000000e+00 
2047.500000 -5.13157570e+00 0.00000000e+00 
2047.550000 -4.84521961e+00 0.00000000e+00 
2047.600000 -4.08344729e+00 0.00000000e+00 
2047.650000 -2.92021722e+00 0.00000000e+00 
2047.700000 -1.46894164e+00 0.00000000e+00 
2047.750000 1.28780943e-01 0.00000000e+00 
2047.800000 1.71694589e+00 0.00000000e+00 
2047.850000 3.13977517e+00 0.00000000e+00 
2047.900000 4.25762156e+00 0.00000000e+00 
2047.950000 4.96023960e+00 0.00000000e+00 
2048.000000 5.17833881e+00 0.00000000e+00 
2048.050000 4.88973717e+00 0.00000000e+00 
2048.100000 4.12154443e+00 0.00000000e+00 
2048.150000 2.94864080e+00 0.00000000e+00 
2048.200000 1.48505158e+00 0.00000000e+00 
2048.250000 -1.26164566e-01 0.00000000e+00 
2048.300000 -1.72745466e+00 0.00000000e+00 
2048.350000 -3.16181447e+00 0.00000000e+00 
2048.400000 -4.28815719e+00 0.00000000e+00 
2048.450000 -4.99590212e+00 0.00000000e+00 
2048.500000 -5.21471493e+00 0.00000000e+00 
2048.550000 -4.92232064e+00 0.00000000e+00 
2048.600000 -4.14606052e+00 0.00000000e+00 
2048.650000 -2.96120477e+00 0.00000000e+00 
2048.700000 -1.48212341e+00 0.00000000e+00 
2048.750000 1.45755175e-01 0.00000000e+00 
2048.800000 1.76349104e+00 0.00000000e+00 
2048.850000 3.21308331e+00 0.00000000e+00 
2048.900000 4.35209228e+00 0.00000000e+00 
2048.950000 5.06780944e+00 0.00000000e+00 
2049.000000 5.28908286e+00 0.00000000e+00 
2049.050000 4.99230164e+00 0.00000000e+00 
2049.100000 4.20506514e+00 0.00000000e+00 
2049.150000 3.00345382e+00 0.00000000e+00 
2049.200000 1.50344010e+00 0.00000000e+00 
2049.250000 -1.48031329e-01 0.00000000e+00 
2049.300000 -1.79059252e+00 0.00000000e+00 
2049.350000 -3.26304302e+00 0.00000000e+00 
2049.400000 -4.42012476e+00 0.00000000e+00 
2049.450000 -5.14777765e+00 0.00000000e+00 
2049.500000 -5.37253090e+00 0.00000000e+00 
2049.550000 -5.07123275e+00 0.00000000e+00 
2049.600000 -4.27028143e+00 0.00000000e+00 
2049.650000 -3.04546700e+00 0.00000000e+00 
2049.700000 -1.51544299e+00 0.00000000e+00 
2049.750000 1.71120370e-01 0.00000000e+00 
2049.800000 1.85017235e+00 0.00000000e+00 
2049.850000 3.35696717e+00 0.00000000e+00 
2049.900000 4.54211458e+00 0.00000000e+00 
2049.950000 5.28780692e+00 0.00000000e+00 
2050.000000 5.51828646e+00 0.00000000e+00 
2050.050000 5.20709892e+00 0.00000000e+00 
2050.100000 4.37925145e+00 0.00000000e+00 
2050.150000 3.10876816e+00 0.00000000e+00 
2050.200000 1.51607810e+00 0.00000000e+00 
2050.250000 -2.47733986e-01 0.00000000e+00 
2050.300000 -2.01421900e+00 0.00000000e+00 
2050.350000 -3.61255978e+00 0.00000000e+00 
2050.400000 -4.88463676e+00 0.00000000e+00 
2050.450000 -5.70274233e+00 0.00000000e+00 
2050.500000 -5.98003954e+00 0.00000000e+00 
2050.550000 -5.67838697e+00 0.00000000e+00 
2050.600000 -4.81333817e+00 0.00000000e+00 
2050.650000 -3.44936844e+00 0.00000000e+00 
2050.700000 -1.69782891e+00 0.00000000e+00 
2050.750000 2.93514003e-01 0.00000000e+00 
2050.800000 2.35742739e+00 0.00000000e+00 
2050.850000 4.31973527e+00 0.00000000e+00 
2050.900000 6.01399561e+00 0.00000000e+00 
2050.950000 7.30519866e+00 0.00000000e+00 
2051.000000 8.09616714e+00 0.00000000e+00 
2051.050000 8.33315061e+00 0.00000000e+00 
2051.100000 8.01213047e+00 0.00000000e+00 
2051.150000 7.17840897e+00 0.00000000e+00 
