2000.000000 1.01617696e+01 0.00000000e+00 
2000.050000 9.40897191e+00 0.00000000e+00 
2000.100000 7.71169644e+00 0.00000000e+00 
2000.150000 5.23295411e+00 0.00000000e+00 
2000.200000 2.20691891e+00 0.00000000e+00 
2000.250000 -1.07654366e+00 0.00000000e+00 
2000.300000 -4.31825521e+00 0.00000000e+00 
2000.350000 -7.20838543e+00 0.00000000e+00 
2000.400000 -9.46342346e+00 0.00000000e+00 
2000.450000 -1.08635404e+01 0.00000000e+00 
2000.500000 -1.12810116e+01 0.00000000e+00 
2000.550000 -1.06683764e+01 0.00000000e+00 
2000.600000 -9.08556121e+00 0.00000000e+00 
2000.650000 -6.68488918e+00 0.00000000e+00 
2000.700000 -3.69010988e+00 0.00000000e+00 
2000.750000 -3.92897292e-01 0.00000000e+00 
2000.800000 2.88862479e+00 0.00000000e+00 
2000.850000 5.83830707e+00 0.00000000e+00 
2000.900000 8.16881523e+00 0.00000000e+00 
2000.950000 9.66067672e+00 0.00000000e+00 
2001.000000 1.01746469e+01 0.00000000e+00 
2001.050000 9.66132690e+00 0.00000000e+00 
2001.100000 8.17480685e+00 0.00000000e+00 
2001.150000 5.86458794e+00 0.00000000e+00 
2001.200000 2.95841792e+00 0.00000000e+00 
2001.250000 -2.58807432e-01 0.00000000e+00 
2001.300000 -3.47157087e+00 0.00000000e+00 
2001.350000 -6.36599764e+00 0.00000000e+00 
2001.400000 -8.65826567e+00 0.00000000e+00 
2001.450000 -1.01257269e+01 0.00000000e+00 
2001.500000 -1.06249596e+01 0.00000000e+00 
2001.550000 -1.01097612e+01 0.00000000e+00 
2001.600000 -8.62995692e+00 0.00000000e+00 
2001.650000 -6.33026957e+00 0.00000000e+00 
2001.700000 -3.43528004e+00 0.00000000e+00 
2001.750000 -2.28957752e-01 0.00000000e+00 
2001.800000 2.97675278e+00 0.00000000e+00 
2001.850000 5.86897787e+00 0.00000000e+00 
2001.900000 8.16535778e+00 0.00000000e+00 
2001.950000 9.64249675e+00 0.00000000e+00 
2002.000000 1.01578039e+01 0.00000000e+00 
2002.050000 9.66307814e+00 0.00000000e+00 
2002.100000 8.20589956e+00 0.00000000e+00 
2002.150000 5.92907243e+00 0.00000000e+00 
2002.200000 3.05647319e+00 0.00000000e+00 
2002.250000 -1.30708769e-01 0.00000000e+00 
2002.300000 -3.32116120e+00 0.00000000e+00 
2002.350000 -6.20270626e+00 0.00000000e+00 
2002.400000 -8.49261202e+00 0.00000000e+00 
2002.450000 -9.96685573e+00 0.00000000e+00 
2002.500000 -1.04821950e+01 0.00000000e+00 
2002.550000 -9.98819386e+00 0.00000000e+00 
2002.600000 -8.53329671e+00 0.00000000e+00 
2002.650000 -6.25997601e+00 0.00000000e+00 
2002.700000 -3.39011280e+00 0.00000000e+00 
2002.750000 -2.04482811e-01 0.00000000e+00 
2002.800000 2.98562803e+00 0.00000000e+00 
2002.850000 5.86795688e+00 0.00000000e+00 
2002.900000 8.16045496e+00 0.00000000e+00 
2002.950000 9.64013747e+00 0.00000000e+00 
2003.000000 1.01626211e+01 0.00000000e+00 
2003.050000 9.67666348e+00 0.00000000e+00 
2003.100000 8.23030796e+00 0.00000000e+00 
2003.150000 5.96558616e+00 0.00000000e+00 
2003.200000 3.10375716e+00 0.00000000e+00 
2003.250000 -7.40386819e-02 0.00000000e+00 
2003.300000 -3.25661908e+00 0.00000000e+00 
2003.350000 -6.13246571e+00 0.00000000e+00 
2003.400000 -8.42010321e+00 0.00000000e+00 
2003.450000 -9.89537089e+00 0.00000000e+00 
2003.500000 -1.04141766e+01 0.00000000e+00 
2003.550000 -9.92594096e+00 0.00000000e+00 
2003.600000 -8.47827863e+00 0.00000000e+00 
2003.650000 -6.21310835e+00 0.00000000e+00 
2003.700000 -3.35234784e+00 0.00000000e+00 
2003.750000 -1.76297525e-01 0.00000000e+00 
2003.800000 3.00427431e+00 0.00000000e+00 
2003.850000 5.87719281e+00 0.00000000e+00 
2003.900000 8.16162323e+00 0.00000000e+00 
2003.950000 9.63322322e+00 0.00000000e+00 
2004.000000 1.01488495e+01 0.00000000e+00 
2004.050000 9.65824126e+00 0.00000000e+00 
2004.100000 8.20964233e+00 0.00000000e+00 
2004.150000 5.94630691e+00 0.00000000e+00 
2004.200000 3.08976134e+00 0.00000000e+00 
2004.250000 -7.93645784e-02 0.00000000e+00 
2004.300000 -3.25035923e+00 0.00000000e+00 
2004.350000 -6.11301877e+00 0.00000000e+00 
2004.400000 -8.38705996e+00 0.00000000e+00 
2004.450000 -9.84955536e+00 0.00000000e+00 
2004.500000 -1.03576669e+01 0.00000000e+00 
2004.550000 -9.86230590e+00 0.00000000e+00 
2004.600000 -8.41170733e+00 0.00000000e+00 
2004.650000 -6.14787023e+00 0.00000000e+00 
2004.700000 -3.29315697e+00 0.00000000e+00 
2004.750000 -1.27761905e-01 0.00000000e+00 
2004.800000 3.03868281e+00 0.00000000e+00 
2004.850000 5.89607999e+00 0.00000000e+00 
2004.900000 8.16474637e+00 0.00000000e+00 
2004.950000 9.62284839e+00 0.00000000e+00 
2005.000000 1.01281652e+01 0.00000000e+00 
2005.050000 9.63153570e+00 0.00000000e+00 
2005.100000 8.18180044e+00 0.00000000e+00 
2005.150000 5.92154001e+00 0.00000000e+00 
2005.200000 3.07202431e+00 0.00000000e+00 
2005.250000 -8.72127729e-02 0.00000000e+00 
2005.300000 -3.24629790e+00 0.00000000e+00 
2005.350000 -6.09588735e+00 0.00000000e+00 
2005.400000 -8.35687376e+00 0.00000000e+00 
2005.450000 -9.80823528e+00 0.00000000e+00 
2005.500000 -1.03076073e+01 0.00000000e+00 
2005.550000 -9.80647183e+00 0.00000000e+00 
2005.600000 -8.35433747e+00 0.00000000e+00 
2005.650000 -6.09376137e+00 0.00000000e+00 
2005.700000 -3.24593301e+00 0.00000000e+00 
2005.750000 -9.01378174e-02 0.00000000e+00 
2005.800000 3.06504033e+00 0.00000000e+00 
2005.850000 5.91099304e+00 0.00000000e+00 
2005.900000 8.16906115e+00 0.00000000e+00 
2005.950000 9.61815732e+00 0.00000000e+00 
2006.000000 1.01170611e+01 0.00000000e+00 
2006.050000 9.61700716e+00 0.00000000e+00 
2006.100000 8.16742628e+00 0.00000000e+00 
2006.150000 5.91037146e+00 0.00000000e+00 
2006.200000 3.06682107e+00 0.00000000e+00 
2006.250000 -8.43193334e-02 0.00000000e+00 
2006.300000 -3.23439803e+00 0.00000000e+00 
2006.350000 -6.07518773e+00 0.00000000e+00 
2006.400000 -8.32873064e+00 0.00000000e+00 
2006.450000 -9.77415299e+00 0.00000000e+00 
2006.500000 -1.02698256e+01 0.00000000e+00 
2006.550000 -9.76712997e+00 0.00000000e+00 
2006.600000 -8.31522153e+00 0.00000000e+00 
2006.650000 -6.05612629e+00 0.00000000e+00 
2006.700000 -3.21103251e+00 0.00000000e+00 
2006.750000 -5.86665964e-02 0.00000000e+00 
2006.800000 3.09250716e+00 0.00000000e+00 
2006.850000 5.93400038e+00 0.00000000e+00 
2006.900000 8.18770711e+00 0.00000000e+00 
2006.950000 9.63300053e+00 0.00000000e+00 
2007.000000 1.01286969e+01 0.00000000e+00 
2007.050000 9.62616905e+00 0.00000000e+00 
2007.100000 8.17472155e+00 0.00000000e+00 
2007.150000 5.91652638e+00 0.00000000e+00 
2007.200000 3.07283463e+00 0.00000000e+00 
2007.250000 -7.78695481e-02 0.00000000e+00 
2007.300000 -3.22693422e+00 0.00000000e+00 
2007.350000 -6.06595438e+00 0.00000000e+00 
2007.400000 -8.31669387e+00 0.00000000e+00 
2007.450000 -9.75858104e+00 0.00000000e+00 
2007.500000 -1.02499429e+01 0.00000000e+00 
2007.550000 -9.74302078e+00 0.00000000e+00 
2007.600000 -8.28687862e+00 0.00000000e+00 
2007.650000 -6.02430292e+00 0.00000000e+00 
2007.700000 -3.17676025e+00 0.00000000e+00 
2007.750000 -2.28907706e-02 0.00000000e+00 
2007.800000 3.12826918e+00 0.00000000e+00 
2007.850000 5.96815041e+00 0.00000000e+00 
2007.900000 8.21834537e+00 0.00000000e+00 
2007.950000 9.65879197e+00 0.00000000e+00 
2008.000000 1.01485407e+01 0.00000000e+00 
2008.050000 9.63961558e+00 0.00000000e+00 
2008.100000 8.18211832e+00 0.00000000e+00 
2008.150000 5.91886846e+00 0.00000000e+00 
2008.200000 3.07178951e+00 0.00000000e+00 
2008.250000 -7.99815155e-02 0.00000000e+00 
2008.300000 -3.22781538e+00 0.00000000e+00 
2008.350000 -6.06308070e+00 0.00000000e+00 
2008.400000 -8.30817547e+00 0.00000000e+00 
2008.450000 -9.74300998e+00 0.00000000e+00 
2008.500000 -1.02269477e+01 0.00000000e+00 
2008.550000 -9.71271536e+00 0.00000000e+00 
2008.600000 -8.25053456e+00 0.00000000e+00 
2008.650000 -5.98359943e+00 0.00000000e+00 
2008.700000 -3.13380935e+00 0.00000000e+00 
2008.750000 1.96906667e-02 0.00000000e+00 
2008.800000 3.16816849e+00 0.00000000e+00 
2008.850000 6.00329334e+00 0.00000000e+00 
2008.900000 8.24724702e+00 0.00000000e+00 
2008.950000 9.68053274e+00 0.00000000e+00 
2009.000000 1.01631967e+01 0.00000000e+00 
2009.050000 9.64771982e+00 0.00000000e+00 
2009.100000 8.18490381e+00 0.00000000e+00 
2009.150000 5.91807964e+00 0.00000000e+00 
2009.200000 3.06923678e+00 0.00000000e+00 
2009.250000 -8.25341533e-02 0.00000000e+00 
2009.300000 -3.22870629e+00 0.00000000e+00 
2009.350000 -6.06091141e+00 0.00000000e+00 
2009.400000 -8.30141940e+00 0.00000000e+00 
2009.450000 -9.73068880e+00 0.00000000e+00 
2009.500000 -1.02087006e+01 0.00000000e+00 
2009.550000 -9.68844912e+00 0.00000000e+00 
2009.600000 -8.22072194e+00 0.00000000e+00 
2009.650000 -5.94938765e+00 0.00000000e+00 
2009.700000 -3.09665229e+00 0.00000000e+00 
2009.750000 5.81132747e-02 0.00000000e+00 
2009.800000 3.20586313e+00 0.00000000e+00 
2009.850000 6.03827953e+00 0.00000000e+00 
2009.900000 8.27787091e+00 0.00000000e+00 
2009.950000 9.70503682e+00 0.00000000e+00 
2010.000000 1.01804421e+01 0.00000000e+00 
2010.050000 9.65764463e+00 0.00000000e+00 
2010.100000 8.18766632e+00 0.00000000e+00 
2010.150000 5.91454823e+00 0.00000000e+00 
2010.200000 3.06105327e+00 0.00000000e+00 
2010.250000 -9.33183121e-02 0.00000000e+00 
2010.300000 -3.23945366e+00 0.00000000e+00 
2010.350000 -6.06884801e+00 0.00000000e+00 
2010.400000 -8.30434692e+00 0.00000000e+00 
2010.450000 -9.72690052e+00 0.00000000e+00 
2010.500000 -1.01973017e+01 0.00000000e+00 
2010.550000 -9.66946270e+00 0.00000000e+00 
2010.600000 -8.19504724e+00 0.00000000e+00 
2010.650000 -5.91825359e+00 0.00000000e+00 
2010.700000 -3.06220704e+00 0.00000000e+00 
2010.750000 9.32150798e-02 0.00000000e+00 
2010.800000 3.23898951e+00 0.00000000e+00 
2010.850000 6.06711720e+00 0.00000000e+00 
2010.900000 8.30076926e+00 0.00000000e+00 
2010.950000 9.72133846e+00 0.00000000e+00 
2011.000000 1.01896137e+01 0.00000000e+00 
2011.050000 9.65957113e+00 0.00000000e+00 
2011.100000 8.18347364e+00 0.00000000e+00 
2011.150000 5.90603804e+00 0.00000000e+00 
2011.200000 3.05024781e+00 0.00000000e+00 
2011.250000 -1.04211285e-01 0.00000000e+00 
2011.300000 -3.24834819e+00 0.00000000e+00 
2011.350000 -6.07417967e+00 0.00000000e+00 
2011.400000 -8.30510754e+00 0.00000000e+00 
2011.450000 -9.72240802e+00 0.00000000e+00 
2011.500000 -1.01873914e+01 0.00000000e+00 
2011.550000 -9.65442701e+00 0.00000000e+00 
2011.600000 -8.17573445e+00 0.00000000e+00 
2011.650000 -5.89622851e+00 0.00000000e+00 
2011.700000 -3.03933610e+00 0.00000000e+00 
2011.750000 1.15042495e-01 0.00000000e+00 
2011.800000 3.25809396e+00 0.00000000e+00 
2011.850000 6.08233576e+00 0.00000000e+00 
2011.900000 8.31110241e+00 0.00000000e+00 
2011.950000 9.72616157e+00 0.00000000e+00 
2012.000000 1.01890266e+01 0.00000000e+00 
2012.050000 9.65421956e+00 0.00000000e+00 
2012.100000 8.17426955e+00 0.00000000e+00 
2012.150000 5.89413114e+00 0.00000000e+00 
2012.200000 3.03710792e+00 0.00000000e+00 
2012.250000 -1.16955686e-01 0.00000000e+00 
2012.300000 -3.25932918e+00 0.00000000e+00 
2012.350000 -6.08203795e+00 0.00000000e+00 
2012.400000 -8.30899982e+00 0.00000000e+00 
2012.450000 -9.72217153e+00 0.00000000e+00 
2012.500000 -1.01832511e+01 0.00000000e+00 
2012.550000 -9.64689762e+00 0.00000000e+00 
2012.600000 -8.16582020e+00 0.00000000e+00 
2012.650000 -5.88513112e+00 0.00000000e+00 
2012.700000 -3.02822148e+00 0.00000000e+00 
2012.750000 1.25194833e-01 0.00000000e+00 
2012.800000 3.26624193e+00 0.00000000e+00 
2012.850000 6.08726986e+00 0.00000000e+00 
2012.900000 8.31209650e+00 0.00000000e+00 
2012.950000 9.72281814e+00 0.00000000e+00 
2013.000000 1.01816909e+01 0.00000000e+00 
2013.050000 9.64367879e+00 0.00000000e+00 
2013.100000 8.16164887e+00 0.00000000e+00 
2013.150000 5.88066584e+00 0.00000000e+00 
2013.200000 3.02390878e+00 0.00000000e+00 
2013.250000 -1.28611840e-01 0.00000000e+00 
2013.300000 -3.26844962e+00 0.00000000e+00 
2013.350000 -6.08814662e+00 0.00000000e+00 
2013.400000 -8.31193811e+00 0.00000000e+00 
2013.450000 -9.72203468e+00 0.00000000e+00 
2013.500000 -1.01805769e+01 0.00000000e+00 
2013.550000 -9.64300077e+00 0.00000000e+00 
2013.600000 -8.16190509e+00 0.00000000e+00 
2013.650000 -5.88230572e+00 0.00000000e+00 
2013.700000 -3.02736409e+00 0.00000000e+00 
2013.750000 1.23279819e-01 0.00000000e+00 
2013.800000 3.26109515e+00 0.00000000e+00 
2013.850000 6.07896694e+00 0.00000000e+00 
2013.900000 8.30097806e+00 0.00000000e+00 
2013.950000 9.70978127e+00 0.00000000e+00 
2014.000000 1.01676175e+01 0.00000000e+00 
2014.050000 9.62965858e+00 0.00000000e+00 
2014.100000 8.14865327e+00 0.00000000e+00 
2014.150000 5.86976145e+00 0.00000000e+00 
2014.200000 3.01612176e+00 0.00000000e+00 
2014.250000 -1.32905220e-01 0.00000000e+00 
2014.300000 -3.26900847e+00 0.00000000e+00 
2014.350000 -6.08521541e+00 0.00000000e+00 
2014.400000 -8.30608322e+00 0.00000000e+00 
2014.450000 -9.71440349e+00 0.00000000e+00 
2014.500000 -1.01725115e+01 0.00000000e+00 
2014.550000 -9.63574019e+00 0.00000000e+00 
2014.600000 -8.15688537e+00 0.00000000e+00 
2014.650000 -5.88084419e+00 0.00000000e+00 
2014.700000 -3.03056128e+00 0.00000000e+00 
2014.750000 1.14858621e-01 0.00000000e+00 
2014.800000 3.24751437e+00 0.00000000e+00 
2014.850000 6.06092174e+00 0.00000000e+00 
2014.900000 8.27986367e+00 0.00000000e+00 
2014.950000 9.68734044e+00 0.00000000e+00 
2015.000000 1.01462476e+01 0.00000000e+00 
2015.050000 9.61242944e+00 0.00000000e+00 
2015.100000 8.13844255e+00 0.00000000e+00 
2015.150000 5.86857193e+00 0.00000000e+00 
2015.200000 3.02522181e+00 0.00000000e+00 
2015.250000 -1.13337004e-01 0.00000000e+00 
2015.300000 -3.23945744e+00 0.00000000e+00 
2015.350000 -6.04726660e+00 0.00000000e+00 
2015.400000 -8.26193487e+00 0.00000000e+00 
2015.450000 -9.66683263e+00 0.00000000e+00 
2015.500000 -1.01243968e+01 0.00000000e+00 
2015.550000 -9.59026851e+00 0.00000000e+00 
2015.600000 -8.11691961e+00 0.00000000e+00 
2015.650000 -5.84856127e+00 0.00000000e+00 
2015.700000 -3.00783367e+00 0.00000000e+00 
2015.750000 1.27358198e-01 0.00000000e+00 
2015.800000 3.25011228e+00 0.00000000e+00 
2015.850000 6.05475714e+00 0.00000000e+00 
2015.900000 8.26729631e+00 0.00000000e+00 
2015.950000 9.67092372e+00 0.00000000e+00 
2016.000000 1.01281899e+01 0.00000000e+00 
2016.050000 9.59466108e+00 0.00000000e+00 
2016.100000 8.12279752e+00 0.00000000e+00 
2016.150000 5.85655502e+00 0.00000000e+00 
2016.200000 3.01803341e+00 0.00000000e+00 
2016.250000 -1.15029243e-01 0.00000000e+00 
2016.300000 -3.23586856e+00 0.00000000e+00 
2016.350000 -6.03903211e+00 0.00000000e+00 
2016.400000 -8.25032623e+00 0.00000000e+00 
2016.450000 -9.65331101e+00 0.00000000e+00 
2016.500000 -1.01108109e+01 0.00000000e+00 
2016.550000 -9.57793382e+00 0.00000000e+00 
2016.600000 -8.10689861e+00 0.00000000e+00 
2016.650000 -5.84184287e+00 0.00000000e+00 
2016.700000 -3.00454687e+00 0.00000000e+00 
2016.750000 1.27271113e-01 0.00000000e+00 
2016.800000 3.24681664e+00 0.00000000e+00 
2016.850000 6.04876680e+00 0.00000000e+00 
2016.900000 8.25902659e+00 0.00000000e+00 
2016.950000 9.66117883e+00 0.00000000e+00 
2017.000000 1.01178216e+01 0.00000000e+00 
2017.050000 9.58432826e+00 0.00000000e+00 
2017.100000 8.11320853e+00 0.00000000e+00 
2017.150000 5.84858757e+00 0.00000000e+00 
2017.200000 3.01220150e+00 0.00000000e+00 
2017.250000 -1.18223812e-01 0.00000000e+00 
2017.300000 -3.23599600e+00 0.00000000e+00 
2017.350000 -6.03572592e+00 0.00000000e+00 
2017.400000 -8.24342668e+00 0.00000000e+00 
2017.450000 -9.64324053e+00 0.00000000e+00 
2017.500000 -1.00980673e+01 0.00000000e+00 
2017.550000 -9.56341647e+00 0.00000000e+00 
2017.600000 -8.09169040e+00 0.00000000e+00 
2017.650000 -5.82723474e+00 0.00000000e+00 
2017.700000 -2.99189779e+00 0.00000000e+00 
2017.750000 1.36640480e-01 0.00000000e+00 
2017.800000 3.25201569e+00 0.00000000e+00 
2017.850000 6.04930621e+00 0.00000000e+00 
2017.900000 8.25482322e+00 0.00000000e+00 
2017.950000 9.65236077e+00 0.00000000e+00 
2018.000000 1.01053094e+01 0.00000000e+00 
2018.050000 9.56958057e+00 0.00000000e+00 
2018.100000 8.09775351e+00 0.00000000e+00 
2018.150000 5.83409846e+00 0.00000000e+00 
2018.200000 3.00038828e+00 0.00000000e+00 
2018.250000 -1.25897527e-01 0.00000000e+00 
2018.300000 -3.23875251e+00 0.00000000e+00 
2018.350000 -6.03330920e+00 0.00000000e+00 
2018.400000 -8.23617743e+00 0.00000000e+00 
2018.450000 -9.63181161e+00 0.00000000e+00 
2018.500000 -1.00837040e+01 0.00000000e+00 
2018.550000 -9.54789776e+00 0.00000000e+00 
2018.600000 -8.07694406e+00 0.00000000e+00 
2018.650000 -5.81504591e+00 0.00000000e+00 
2018.700000 -2.98352001e+00 0.00000000e+00 
2018.750000 1.40353256e-01 0.00000000e+00 
2018.800000 3.25083170e+00 0.00000000e+00 
2018.850000 6.04374635e+00 0.00000000e+00 
2018.900000 8.24564461e+00 0.00000000e+00 
2018.950000 9.64142131e+00 0.00000000e+00 
2019.000000 1.00944853e+01 0.00000000e+00 
2019.050000 9.56065180e+00 0.00000000e+00 
2019.100000 8.09234243e+00 0.00000000e+00 
2019.150000 5.83325087e+00 0.00000000e+00 
2019.200000 3.00461315e+00 0.00000000e+00 
2019.250000 -1.16915693e-01 0.00000000e+00 
2019.300000 -3.22601649e+00 0.00000000e+00 
2019.350000 -6.01826705e+00 0.00000000e+00 
2019.400000 -8.22047602e+00 0.00000000e+00 
2019.450000 -9.61724543e+00 0.00000000e+00 
2019.500000 -1.00719138e+01 0.00000000e+00 
2019.550000 -9.53999963e+00 0.00000000e+00 
2019.600000 -8.07373970e+00 0.00000000e+00 
2019.650000 -5.81681632e+00 0.00000000e+00 
2019.700000 -2.98991924e+00 0.00000000e+00 
2019.750000 1.30431838e-01 0.00000000e+00 
2019.800000 3.23879854e+00 0.00000000e+00 
2019.850000 6.03120296e+00 0.00000000e+00 
2019.900000 8.23445063e+00 0.00000000e+00 
2019.950000 9.63300951e+00 0.00000000e+00 
2020.000000 1.00899953e+01 0.00000000e+00 
2020.050000 9.56085285e+00 0.00000000e+00 
2020.100000 8.09735014e+00 0.00000000e+00 
2020.150000 5.84258475e+00 0.00000000e+00 
2020.200000 3.01753547e+00 0.00000000e+00 
2020.250000 -1.01496469e-01 0.00000000e+00 
2020.300000 -3.20962932e+00 0.00000000e+00 
2020.350000 -6.00259224e+00 0.00000000e+00 
2020.400000 -8.20723415e+00 0.00000000e+00 
2020.450000 -9.60771187e+00 0.00000000e+00 
2020.500000 -1.00673136e+01 0.00000000e+00 
2020.550000 -9.54072788e+00 0.00000000e+00 
2020.600000 -8.07939538e+00 0.00000000e+00 
2020.650000 -5.82629352e+00 0.00000000e+00 
2020.700000 -3.00187404e+00 0.00000000e+00 
2020.750000 1.17495590e-01 0.00000000e+00 
2020.800000 3.22646031e+00 0.00000000e+00 
2020.850000 6.02071015e+00 0.00000000e+00 
2020.900000 8.22692097e+00 0.00000000e+00 
2020.950000 9.62929857e+00 0.00000000e+00 
2021.000000 1.00904677e+01 0.00000000e+00 
2021.050000 9.56538982e+00 0.00000000e+00 
2021.100000 8.10545793e+00 0.00000000e+00 
2021.150000 5.85352188e+00 0.00000000e+00 
2021.200000 3.03004154e+00 0.00000000e+00 
2021.250000 -8.86612489e-02 0.00000000e+00 
2021.300000 -3.19744502e+00 0.00000000e+00 
2021.350000 -5.99198838e+00 0.00000000e+00 
2021.400000 -8.19865290e+00 0.00000000e+00 
2021.450000 -9.60169569e+00 0.00000000e+00 
2021.500000 -1.00638312e+01 0.00000000e+00 
2021.550000 -9.53997771e+00 0.00000000e+00 
2021.600000 -8.08147307e+00 0.00000000e+00 
2021.650000 -5.83122894e+00 0.00000000e+00 
2021.700000 -3.00946336e+00 0.00000000e+00 
2021.750000 1.07544737e-01 0.00000000e+00 
2021.800000 3.21468983e+00 0.00000000e+00 
2021.850000 6.00785133e+00 0.00000000e+00 
2021.900000 8.21371977e+00 0.00000000e+00 
2021.950000 9.61685207e+00 0.00000000e+00 
2022.000000 1.00798286e+01 0.00000000e+00 
2022.050000 9.55762797e+00 0.00000000e+00 
2022.100000 8.10160835e+00 0.00000000e+00 
2022.150000 5.85458821e+00 0.00000000e+00 
2022.200000 3.03653685e+00 0.00000000e+00 
2022.250000 -7.68254421e-02 0.00000000e+00 
2022.300000 -3.18067207e+00 0.00000000e+00 
2022.350000 -5.97125816e+00 0.00000000e+00 
2022.400000 -8.17562776e+00 0.00000000e+00 
2022.450000 -9.57834570e+00 0.00000000e+00 
2022.500000 -1.00425584e+01 0.00000000e+00 
2022.550000 -9.52293252e+00 0.00000000e+00 
2022.600000 -8.07090101e+00 0.00000000e+00 
2022.650000 -5.82857496e+00 0.00000000e+00 
2022.700000 -3.01559205e+00 0.00000000e+00 
2022.750000 9.27139376e-02 0.00000000e+00 
2022.800000 3.19231888e+00 0.00000000e+00 
2022.850000 5.97986542e+00 0.00000000e+00 
2022.900000 8.18317619e+00 0.00000000e+00 
2022.950000 9.58671708e+00 0.00000000e+00 
2023.000000 1.00533647e+01 0.00000000e+00 
2023.050000 9.53786753e+00 0.00000000e+00 
2023.100000 8.09077208e+00 0.00000000e+00 
2023.150000 5.85396073e+00 0.00000000e+00 
2023.200000 3.04641474e+00 0.00000000e+00 
2023.250000 -5.72302060e-02 0.00000000e+00 
2023.300000 -3.15317897e+00 0.00000000e+00 
2023.350000 -5.93877627e+00 0.00000000e+00 
2023.400000 -8.14153383e+00 0.00000000e+00 
2023.450000 -9.54608530e+00 0.00000000e+00 
2023.500000 -1.00153237e+01 0.00000000e+00 
2023.550000 -9.50362847e+00 0.00000000e+00 
2023.600000 -8.06153837e+00 0.00000000e+00 
2023.650000 -5.83044335e+00 0.00000000e+00 
2023.700000 -3.02878469e+00 0.00000000e+00 
2023.750000 6.92726316e-02 0.00000000e+00 
2023.800000 3.16075159e+00 0.00000000e+00 
2023.850000 5.94333497e+00 0.00000000e+00 
2023.900000 8.14520263e+00 0.00000000e+00 
2023.950000 9.55102618e+00 0.00000000e+00 
2024.000000 1.00233900e+01 0.00000000e+00 
2024.050000 9.51673761e+00 0.00000000e+00 
2024.100000 8.08078088e+00 0.00000000e+00 
2024.150000 5.85612637e+00 0.00000000e+00 
2024.200000 3.06076013e+00 0.00000000e+00 
2024.250000 -3.20699763e-02 0.00000000e+00 
2024.300000 -3.11944842e+00 0.00000000e+00 
2024.350000 -5.89951574e+00 0.00000000e+00 
2024.400000 -8.10086538e+00 0.00000000e+00 
2024.450000 -9.50849741e+00 0.00000000e+00 
2024.500000 -9.98498360e+00 0.00000000e+00 
2024.550000 -9.48404503e+00 0.00000000e+00 
2024.600000 -8.05505308e+00 0.00000000e+00 
2024.650000 -5.83781546e+00 0.00000000e+00 
2024.700000 -3.04947364e+00 0.00000000e+00 
2024.750000 3.71736231e-02 0.00000000e+00 
2024.800000 3.12041829e+00 0.00000000e+00 
2024.850000 5.89875215e+00 0.00000000e+00 
2024.900000 8.10072627e+00 0.00000000e+00 
2024.950000 9.51140209e+00 0.00000000e+00 
2025.000000 9.99284705e+00 0.00000000e+00 
2025.050000 9.49809239e+00 0.00000000e+00 
2025.100000 8.07589787e+00 0.00000000e+00 
2025.150000 5.86561126e+00 0.00000000e+00 
2025.200000 3.08365850e+00 0.00000000e+00 
2025.250000 2.24407332e-03 0.00000000e+00 
2025.300000 -3.07747239e+00 0.00000000e+00 
2025.350000 -5.85451630e+00 0.00000000e+00 
2025.400000 -8.05743056e+00 0.00000000e+00 
2025.450000 -9.47102843e+00 0.00000000e+00 
2025.500000 -9.95713522e+00 0.00000000e+00 
2025.550000 -9.46833748e+00 0.00000000e+00 
2025.600000 -8.05284270e+00 0.00000000e+00 
2025.650000 -5.84931393e+00 0.00000000e+00 
2025.700000 -3.07330789e+00 0.00000000e+00 
2025.750000 3.74706891e-03 0.00000000e+00 
2025.800000 3.08086167e+00 0.00000000e+00 
2025.850000 5.85712092e+00 0.00000000e+00 
2025.900000 8.06107805e+00 0.00000000e+00 
2025.950000 9.47713680e+00 0.00000000e+00 
2026.000000 9.96717161e+00 0.00000000e+00 
2026.050000 9.48375031e+00 0.00000000e+00 
2026.100000 8.07410500e+00 0.00000000e+00 
2026.150000 5.87619332e+00 0.00000000e+00 
2026.200000 3.10524390e+00 0.00000000e+00 
2026.250000 3.22043104e-02 0.00000000e+00 
2026.300000 -3.04233934e+00 0.00000000e+00 
2026.350000 -5.81771672e+00 0.00000000e+00 
2026.400000 -8.02239706e+00 0.00000000e+00 
2026.450000 -9.44107583e+00 0.00000000e+00 
2026.500000 -9.93498745e+00 0.00000000e+00 
2026.550000 -9.45621999e+00 0.00000000e+00 
2026.600000 -8.05181370e+00 0.00000000e+00 
2026.650000 -5.85926637e+00 0.00000000e+00 
2026.700000 -3.09303670e+00 0.00000000e+00 
2026.750000 -2.37384164e-02 0.00000000e+00 
2026.800000 3.04840206e+00 0.00000000e+00 
2026.850000 5.82252896e+00 0.00000000e+00 
2026.900000 8.02763403e+00 0.00000000e+00 
2026.950000 9.44817352e+00 0.00000000e+00 
2027.000000 9.94520187e+00 0.00000000e+00 
2027.050000 9.47059419e+00 0.00000000e+00 
2027.100000 8.07087527e+00 0.00000000e+00 
2027.150000 5.88310840e+00 0.00000000e+00 
2027.200000 3.12139640e+00 0.00000000e+00 
2027.250000 5.61203391e-02 0.00000000e+00 
2027.300000 -3.01282519e+00 0.00000000e+00 
2027.350000 -5.78561329e+00 0.00000000e+00 
2027.400000 -7.99075822e+00 0.00000000e+00 
2027.450000 -9.41263331e+00 0.00000000e+00 
2027.500000 -9.91225263e+00 0.00000000e+00 
2027.550000 -9.44123363e+00 0.00000000e+00 
2027.600000 -8.04567418e+00 0.00000000e+00 
2027.650000 -5.86227656e+00 0.00000000e+00 
2027.700000 -3.10463669e+00 0.00000000e+00 
2027.750000 -4.28916866e-02 0.00000000e+00 
2027.800000 3.02368980e+00 0.00000000e+00 
2027.850000 5.79523690e+00 0.00000000e+00 
2027.900000 8.00077440e+00 0.00000000e+00 
2027.950000 9.42464780e+00 0.00000000e+00 
2028.000000 9.92740436e+00 0.00000000e+00 
2028.050000 9.46008217e+00 0.00000000e+00 
2028.100000 8.06846877e+00 0.00000000e+00 
2028.150000 5.88892092e+00 0.00000000e+00 
2028.200000 3.13495258e+00 0.00000000e+00 
2028.250000 7.56699494e-02 0.00000000e+00 
2028.300000 -2.98930745e+00 0.00000000e+00 
2028.350000 -5.76031256e+00 0.00000000e+00 
2028.400000 -7.96600085e+00 0.00000000e+00 
2028.450000 -9.39083881e+00 0.00000000e+00 
2028.500000 -9.89533817e+00 0.00000000e+00 
2028.550000 -9.43006287e+00 0.00000000e+00 
2028.600000 -8.04068434e+00 0.00000000e+00 
2028.650000 -5.86333041e+00 0.00000000e+00 
2028.700000 -3.11118659e+00 0.00000000e+00 
2028.750000 -5.35957529e-02 0.00000000e+00 
2028.800000 3.01023750e+00 0.00000000e+00 
2028.850000 5.78040761e+00 0.00000000e+00 
2028.900000 7.98611598e+00 0.00000000e+00 
2028.950000 9.41129079e+00 0.00000000e+00 
2029.000000 9.91651743e+00 0.00000000e+00 
2029.050000 9.45252277e+00 0.00000000e+00 
2029.100000 8.06474981e+00 0.00000000e+00 
2029.150000 5.88905232e+00 0.00000000e+00 
2029.200000 3.13846698e+00 0.00000000e+00 
2029.250000 8.21144201e-02 0.00000000e+00 
2029.300000 -2.98093436e+00 0.00000000e+00 
2029.350000 -5.75082913e+00 0.00000000e+00 
2029.400000 -7.95632393e+00 0.00000000e+00 
2029.450000 -9.38151614e+00 0.00000000e+00 
2029.500000 -9.88686138e+00 0.00000000e+00 
2029.550000 -9.42277824e+00 0.00000000e+00 
2029.600000 -8.03479517e+00 0.00000000e+00 
2029.650000 -5.85871888e+00 0.00000000e+00 
2029.700000 -3.10764782e+00 0.00000000e+00 
2029.750000 -5.07412035e-02 0.00000000e+00 
2029.800000 3.01267698e+00 0.00000000e+00 
2029.850000 5.78256929e+00 0.00000000e+00 
2029.900000 7.98777792e+00 0.00000000e+00 
2029.950000 9.41244971e+00 0.00000000e+00 
2030.000000 9.91711420e+00 0.00000000e+00 
2030.050000 9.45250343e+00 0.00000000e+00 
2030.100000 8.06403179e+00 0.00000000e+00 
2030.150000 5.88791761e+00 0.00000000e+00 
2030.200000 3.13683698e+00 0.00000000e+00 
2030.250000 8.01260169e-02 0.00000000e+00 
2030.300000 -2.98329125e+00 0.00000000e+00 
2030.350000 -5.75305534e+00 0.00000000e+00 
2030.400000 -7.95806173e+00 0.00000000e+00 
2030.450000 -9.38248850e+00 0.00000000e+00 
2030.500000 -9.88682888e+00 0.00000000e+00 
2030.550000 -9.42159015e+00 0.00000000e+00 
2030.600000 -8.03218290e+00 0.00000000e+00 
2030.650000 -5.85479862e+00 0.00000000e+00 
2030.700000 -3.10246423e+00 0.00000000e+00 
2030.750000 -4.48614347e-02 0.00000000e+00 
2030.800000 3.01871346e+00 0.00000000e+00 
2030.850000 5.78821044e+00 0.00000000e+00 
2030.900000 7.99235391e+00 0.00000000e+00 
2030.950000 9.41561292e+00 0.00000000e+00 
2031.000000 9.91894007e+00 0.00000000e+00 
2031.050000 9.45286699e+00 0.00000000e+00 
2031.100000 8.06296224e+00 0.00000000e+00 
2031.150000 5.88554278e+00 0.00000000e+00 
2031.200000 3.13362082e+00 0.00000000e+00 
2031.250000 7.69726232e-02 0.00000000e+00 
2031.300000 -2.98546075e+00 0.00000000e+00 
2031.350000 -5.75374152e+00 0.00000000e+00 
2031.400000 -7.95670579e+00 0.00000000e+00 
2031.450000 -9.37851008e+00 0.00000000e+00 
2031.500000 -9.88005471e+00 0.00000000e+00 
2031.550000 -9.41244540e+00 0.00000000e+00 
2031.600000 -8.02163621e+00 0.00000000e+00 
2031.650000 -5.84394172e+00 0.00000000e+00 
2031.700000 -3.09265765e+00 0.00000000e+00 
2031.750000 -3.70690602e-02 0.00000000e+00 
2031.800000 3.02359235e+00 0.00000000e+00 
2031.850000 5.78976208e+00 0.00000000e+00 
2031.900000 7.99034358e+00 0.00000000e+00 
2031.950000 9.41017291e+00 0.00000000e+00 
2032.000000 9.91054256e+00 0.00000000e+00 
2032.050000 9.44244706e+00 0.00000000e+00 
2032.100000 8.05188709e+00 0.00000000e+00 
2032.150000 5.87511004e+00 0.00000000e+00 
2032.200000 3.12526015e+00 0.00000000e+00 
2032.250000 7.17132608e-02 0.00000000e+00 
2032.300000 -2.98664943e+00 0.00000000e+00 
2032.350000 -5.75058697e+00 0.00000000e+00 
2032.400000 -7.94951845e+00 0.00000000e+00 
2032.450000 -9.36795684e+00 0.00000000e+00 
2032.500000 -9.86723333e+00 0.00000000e+00 
2032.550000 -9.39876062e+00 0.00000000e+00 
2032.600000 -8.00874048e+00 0.00000000e+00 
2032.650000 -5.83323758e+00 0.00000000e+00 
2032.700000 -3.08534961e+00 0.00000000e+00 
2032.750000 -3.41549718e-02 0.00000000e+00 
2032.800000 3.02154345e+00 0.00000000e+00 
2032.850000 5.78272207e+00 0.00000000e+00 
2032.900000 7.97912774e+00 0.00000000e+00 
2032.950000 9.39618586e+00 0.00000000e+00 
2033.000000 9.89515096e+00 0.00000000e+00 
2033.050000 9.42726459e+00 0.00000000e+00 
2033.100000 8.03854438e+00 0.00000000e+00 
2033.150000 5.86490216e+00 0.00000000e+00 
2033.200000 3.11929306e+00 0.00000000e+00 
2033.250000 7.03831394e-02 0.00000000e+00 
2033.300000 -2.98323879e+00 0.00000000e+00 
2033.350000 -5.74284348e+00 0.00000000e+00 
2033.400000 -7.93825297e+00 0.00000000e+00 
2033.450000 -9.35459588e+00 0.00000000e+00 
2033.500000 -9.85334910e+00 0.00000000e+00 
2033.550000 -9.38554512e+00 0.00000000e+00 
2033.600000 -7.99722117e+00 0.00000000e+00 
2033.650000 -5.82415093e+00 0.00000000e+00 
2033.700000 -3.07948147e+00 0.00000000e+00 
2033.750000 -3.15922122e-02 0.00000000e+00 
2033.800000 3.02096079e+00 0.00000000e+00 
2033.850000 5.77916602e+00 0.00000000e+00 
2033.900000 7.97309376e+00 0.00000000e+00 
2033.950000 9.38792532e+00 0.00000000e+00 
2034.000000 9.88511211e+00 0.00000000e+00 
2034.050000 9.41613307e+00 0.00000000e+00 
2034.100000 8.02691096e+00 0.00000000e+00 
2034.150000 5.85330499e+00 0.00000000e+00 
2034.200000 3.10827247e+00 0.00000000e+00 
2034.250000 6.04951836e-02 0.00000000e+00 
2034.300000 -2.99131946e+00 0.00000000e+00 
2034.350000 -5.74848670e+00 0.00000000e+00 
2034.400000 -7.94108602e+00 0.00000000e+00 
2034.450000 -9.35438295e+00 0.00000000e+00 
2034.500000 -9.85013965e+00 0.00000000e+00 
2034.550000 -9.37962720e+00 0.00000000e+00 
2034.600000 -7.98906933e+00 0.00000000e+00 
2034.650000 -5.81464330e+00 0.00000000e+00 
2034.700000 -3.06930414e+00 0.00000000e+00 
2034.750000 -2.17907790e-02 0.00000000e+00 
2034.800000 3.02944911e+00 0.00000000e+00 
2034.850000 5.78551577e+00 0.00000000e+00 
2034.900000 7.97655384e+00 0.00000000e+00 
2034.950000 9.38793466e+00 0.00000000e+00 
2035.000000 9.88144843e+00 0.00000000e+00 
2035.050000 9.40866351e+00 0.00000000e+00 
2035.100000 8.01603727e+00 0.00000000e+00 
2035.150000 5.84018670e+00 0.00000000e+00 
2035.200000 3.09390246e+00 0.00000000e+00 
2035.250000 4.62431936e-02 0.00000000e+00 
2035.300000 -3.00404722e+00 0.00000000e+00 
2035.350000 -5.75837256e+00 0.00000000e+00 
2035.400000 -7.94701082e+00 0.00000000e+00 
2035.450000 -9.35576314e+00 0.00000000e+00 
2035.500000 -9.84649832e+00 0.00000000e+00 
2035.550000 -9.37154413e+00 0.00000000e+00 
2035.600000 -7.97752448e+00 0.00000000e+00 
2035.650000 -5.80106975e+00 0.00000000e+00 
2035.700000 -3.05547977e+00 0.00000000e+00 
2035.750000 -9.48963909e-03 0.00000000e+00 
2035.800000 3.03862394e+00 0.00000000e+00 
2035.850000 5.79045532e+00 0.00000000e+00 
2035.900000 7.97668157e+00 0.00000000e+00 
2035.950000 9.38318366e+00 0.00000000e+00 
2036.000000 9.87231764e+00 0.00000000e+00 
2036.050000 9.39631793e+00 0.00000000e+00 
2036.100000 8.00186235e+00 0.00000000e+00 
2036.150000 5.82561777e+00 0.00000000e+00 
2036.200000 3.08068488e+00 0.00000000e+00 
2036.250000 3.84412419e-02 0.00000000e+00 
2036.300000 -3.00591545e+00 0.00000000e+00 
2036.350000 -5.75440410e+00 0.00000000e+00 
2036.400000 -7.93822478e+00 0.00000000e+00 
2036.450000 -9.34357974e+00 0.00000000e+00 
2036.500000 -9.83316737e+00 0.00000000e+00 
2036.550000 -9.35909943e+00 0.00000000e+00 
2036.600000 -7.96798776e+00 0.00000000e+00 
2036.650000 -5.79613236e+00 0.00000000e+00 
2036.700000 -3.05626172e+00 0.00000000e+00 
2036.750000 -1.64619245e-02 0.00000000e+00 
2036.800000 3.02562913e+00 0.00000000e+00 
2036.850000 5.77233380e+00 0.00000000e+00 
2036.900000 7.95483314e+00 0.00000000e+00 
2036.950000 9.35921702e+00 0.00000000e+00 
2037.000000 9.84827698e+00 0.00000000e+00 
2037.050000 9.37416507e+00 0.00000000e+00 
2037.100000 7.98321338e+00 0.00000000e+00 
2037.150000 5.81143791e+00 0.00000000e+00 
2037.200000 3.07147792e+00 0.00000000e+00 
2037.250000 3.17685171e-02 0.00000000e+00 
2037.300000 -3.01028360e+00 0.00000000e+00 
2037.350000 -5.75694891e+00 0.00000000e+00 
2037.400000 -7.93939683e+00 0.00000000e+00 
2037.450000 -9.34393148e+00 0.00000000e+00 
2037.500000 -9.83299665e+00 0.00000000e+00 
2037.550000 -9.35869561e+00 0.00000000e+00 
2037.600000 -7.96726293e+00 0.00000000e+00 
2037.650000 -5.79504135e+00 0.00000000e+00 
2037.700000 -3.05462312e+00 0.00000000e+00 
2037.750000 -1.44621302e-02 0.00000000e+00 
2037.800000 3.02770031e+00 0.00000000e+00 
2037.850000 5.77420103e+00 0.00000000e+00 
2037.900000 7.95575477e+00 0.00000000e+00 
2037.950000 9.35880923e+00 0.00000000e+00 
2038.000000 9.84596094e+00 0.00000000e+00 
2038.050000 9.36935112e+00 0.00000000e+00 
2038.100000 7.97558614e+00 0.00000000e+00 
2038.150000 5.80104563e+00 0.00000000e+00 
2038.200000 3.05859478e+00 0.00000000e+00 
2038.250000 1.67826649e-02 0.00000000e+00 
2038.300000 -3.02660940e+00 0.00000000e+00 
2038.350000 -5.77341841e+00 0.00000000e+00 
2038.400000 -7.95469690e+00 0.00000000e+00 
2038.450000 -9.35698080e+00 0.00000000e+00 
2038.500000 -9.84292076e+00 0.00000000e+00 
2038.550000 -9.36481631e+00 0.00000000e+00 
2038.600000 -7.96924850e+00 0.00000000e+00 
2038.650000 -5.79270429e+00 0.00000000e+00 
2038.700000 -3.04827450e+00 0.00000000e+00 
2038.750000 -4.74241536e-03 0.00000000e+00 
2038.800000 3.03961866e+00 0.00000000e+00 
2038.850000 5.78665675e+00 0.00000000e+00 
2038.900000 7.96711507e+00 0.00000000e+00 
2038.950000 9.36741751e+00 0.00000000e+00 
2039.000000 9.85041110e+00 0.00000000e+00 
2039.050000 9.36834751e+00 0.00000000e+00 
2039.100000 7.96832858e+00 0.00000000e+00 
2039.150000 5.78755569e+00 0.00000000e+00 
2039.200000 3.03938401e+00 0.00000000e+00 
2039.250000 -6.70528940e-03 0.00000000e+00 
2039.300000 -3.05266185e+00 0.00000000e+00 
2039.350000 -5.80017575e+00 0.00000000e+00 
2039.400000 -7.97980017e+00 0.00000000e+00 
2039.450000 -9.37781901e+00 0.00000000e+00 
2039.500000 -9.85721690e+00 0.00000000e+00 
2039.550000 -9.37099498e+00 0.00000000e+00 
2039.600000 -7.96665164e+00 0.00000000e+00 
2039.650000 -5.78182908e+00 0.00000000e+00 
2039.700000 -3.03055787e+00 0.00000000e+00 
2039.750000 1.76810199e-02 0.00000000e+00 
2039.800000 3.06403997e+00 0.00000000e+00 
2039.850000 5.81013487e+00 0.00000000e+00 
2039.900000 7.98680226e+00 0.00000000e+00 
2039.950000 9.38060890e+00 0.00000000e+00 
2040.000000 9.85496527e+00 0.00000000e+00 
2040.050000 9.36344627e+00 0.00000000e+00 
2040.100000 7.95414830e+00 0.00000000e+00 
2040.150000 5.76497905e+00 0.00000000e+00 
2040.200000 3.01013335e+00 0.00000000e+00 
2040.250000 -4.05812350e-02 0.00000000e+00 
2040.300000 -3.08807682e+00 0.00000000e+00 
2040.350000 -5.83385602e+00 0.00000000e+00 
2040.400000 -8.00890606e+00 0.00000000e+00 
2040.450000 -9.39997395e+00 0.00000000e+00 
2040.500000 -9.87079236e+00 0.00000000e+00 
2040.550000 -9.37535345e+00 0.00000000e+00 
2040.600000 -7.96184090e+00 0.00000000e+00 
2040.650000 -5.76885361e+00 0.00000000e+00 
2040.700000 -3.01127149e+00 0.00000000e+00 
2040.750000 4.07814597e-02 0.00000000e+00 
2040.800000 3.08823707e+00 0.00000000e+00 
2040.850000 5.83250155e+00 0.00000000e+00 
2040.900000 8.00457716e+00 0.00000000e+00 
2040.950000 9.39176552e+00 0.00000000e+00 
2041.000000 9.85798442e+00 0.00000000e+00 
2041.050000 9.35716666e+00 0.00000000e+00 
2041.100000 7.93840423e+00 0.00000000e+00 
2041.150000 5.74072947e+00 0.00000000e+00 
2041.200000 2.97929304e+00 0.00000000e+00 
2041.250000 -7.51120279e-02 0.00000000e+00 
2041.300000 -3.12325351e+00 0.00000000e+00 
2041.350000 -5.86650845e+00 0.00000000e+00 
2041.400000 -8.03625270e+00 0.00000000e+00 
2041.450000 -9.41981098e+00 0.00000000e+00 
2041.500000 -9.88185857e+00 0.00000000e+00 
2041.550000 -9.37684691e+00 0.00000000e+00 
2041.600000 -7.95421017e+00 0.00000000e+00 
2041.650000 -5.75327778e+00 0.00000000e+00 
2041.700000 -2.98969519e+00 0.00000000e+00 
2041.750000 6.58120967e-02 0.00000000e+00 
2041.800000 3.11376265e+00 0.00000000e+00 
2041.850000 5.85590410e+00 0.00000000e+00 
2041.900000 8.02316641e+00 0.00000000e+00 
2041.950000 9.40315096e+00 0.00000000e+00 
2042.000000 9.86080599e+00 0.00000000e+00 
2042.050000 9.35083361e+00 0.00000000e+00 
2042.100000 7.92313250e+00 0.00000000e+00 
2042.150000 5.71750804e+00 0.00000000e+00 
2042.200000 2.95012831e+00 0.00000000e+00 
2042.250000 -1.08244255e-01 0.00000000e+00 
2042.300000 -3.15785543e+00 0.00000000e+00 
2042.350000 -5.89959074e+00 0.00000000e+00 
2042.400000 -8.06504074e+00 0.00000000e+00 
2042.450000 -9.44218676e+00 0.00000000e+00 
2042.500000 -9.89616810e+00 0.00000000e+00 
2042.550000 -9.38209495e+00 0.00000000e+00 
2042.600000 -7.95046663e+00 0.00000000e+00 
2042.650000 -5.74149082e+00 0.00000000e+00 
2042.700000 -2.97189163e+00 0.00000000e+00 
2042.750000 8.74245650e-02 0.00000000e+00 
2042.800000 3.13628648e+00 0.00000000e+00 
2042.850000 5.87598859e+00 0.00000000e+00 
2042.900000 8.03787108e+00 0.00000000e+00 
2042.950000 9.41026576e+00 0.00000000e+00 
2043.000000 9.85863515e+00 0.00000000e+00 
2043.050000 9.33916423e+00 0.00000000e+00 
2043.100000 7.90253540e+00 0.00000000e+00 
2043.150000 5.68936843e+00 0.00000000e+00 
2043.200000 2.91640690e+00 0.00000000e+00 
2043.250000 -1.44378099e-01 0.00000000e+00 
2043.300000 -3.19342447e+00 0.00000000e+00 
2043.350000 -5.93174502e+00 0.00000000e+00 
2043.400000 -8.09133388e+00 0.00000000e+00 
2043.450000 -9.46034189e+00 0.00000000e+00 
2043.500000 -9.90489465e+00 0.00000000e+00 
2043.550000 -9.38165269e+00 0.00000000e+00 
2043.600000 -7.94204717e+00 0.00000000e+00 
2043.650000 -5.72694720e+00 0.00000000e+00 
2043.700000 -2.95348644e+00 0.00000000e+00 
2043.750000 1.06711377e-01 0.00000000e+00 
2043.800000 3.15397058e+00 0.00000000e+00 
2043.850000 5.88984068e+00 0.00000000e+00 
2043.900000 8.04595834e+00 0.00000000e+00 
2043.950000 9.41165633e+00 0.00000000e+00 
2044.000000 9.85303613e+00 0.00000000e+00 
2044.050000 9.32684965e+00 0.00000000e+00 
2044.100000 7.88470146e+00 0.00000000e+00 
2044.150000 5.66776583e+00 0.00000000e+00 
2044.200000 2.89304105e+00 0.00000000e+00 
2044.250000 -1.67508848e-01 0.00000000e+00 
2044.300000 -3.21403630e+00 0.00000000e+00 
2044.350000 -5.94842486e+00 0.00000000e+00 
2044.400000 -8.10313179e+00 0.00000000e+00 
2044.450000 -9.46724762e+00 0.00000000e+00 
2044.500000 -9.90734082e+00 0.00000000e+00 
2044.550000 -9.38071872e+00 0.00000000e+00 
2044.600000 -7.93853874e+00 0.00000000e+00 
2044.650000 -5.72231279e+00 0.00000000e+00 
2044.700000 -2.94884105e+00 0.00000000e+00 
2044.750000 1.10120030e-01 0.00000000e+00 
2044.800000 3.15523462e+00 0.00000000e+00 
2044.850000 5.88843341e+00 0.00000000e+00 
2044.900000 8.04196059e+00 0.00000000e+00 
2044.950000 9.40485210e+00 0.00000000e+00 
2045.000000 9.84399621e+00 0.00000000e+00 
2045.050000 9.31602618e+00 0.00000000e+00 
2045.100000 7.87272442e+00 0.00000000e+00 
2045.150000 5.65496091e+00 0.00000000e+00 
2045.200000 2.88059674e+00 0.00000000e+00 
2045.250000 -1.78608350e-01 0.00000000e+00 
2045.300000 -3.22265558e+00 0.00000000e+00 
2045.350000 -5.95424263e+00 0.00000000e+00 
2045.400000 -8.10604544e+00 0.00000000e+00 
2045.450000 -9.46719754e+00 0.00000000e+00 
2045.500000 -9.90458721e+00 0.00000000e+00 
2045.550000 -9.37554777e+00 0.00000000e+00 
2045.600000 -7.93217418e+00 0.00000000e+00 
2045.650000 -5.71584428e+00 0.00000000e+00 
2045.700000 -2.94347919e+00 0.00000000e+00 
2045.750000 1.13689935e-01 0.00000000e+00 
2045.800000 3.15610902e+00 0.00000000e+00 
2045.850000 5.88637856e+00 0.00000000e+00 
2045.900000 8.03693909e+00 0.00000000e+00 
2045.950000 9.39716480e+00 0.00000000e+00 
2046.000000 9.83333623e+00 0.00000000e+00 
2046.050000 9.30350102e+00 0.00000000e+00 
2046.100000 7.85960580e+00 0.00000000e+00 
2046.150000 5.64296510e+00 0.00000000e+00 
2046.200000 2.87090990e+00 0.00000000e+00 
2046.250000 -1.85684467e-01 0.00000000e+00 
2046.300000 -3.22660658e+00 0.00000000e+00 
2046.350000 -5.95436291e+00 0.00000000e+00 
2046.400000 -8.10227905e+00 0.00000000e+00 
2046.450000 -9.46089636e+00 0.00000000e+00 
2046.500000 -9.89713110e+00 0.00000000e+00 
2046.550000 -9.36796297e+00 0.00000000e+00 
2046.600000 -7.92533195e+00 0.00000000e+00 
2046.650000 -5.71017893e+00 0.00000000e+00 
2046.700000 -2.93942721e+00 0.00000000e+00 
2046.750000 1.15286671e-01 0.00000000e+00 
2046.800000 3.15560480e+00 0.00000000e+00 
2046.850000 5.88348622e+00 0.00000000e+00 
2046.900000 8.03287336e+00 0.00000000e+00 
2046.950000 9.39316219e+00 0.00000000e+00 
2047.000000 9.83092898e+00 0.00000000e+00 
2047.050000 9.30352710e+00 0.00000000e+00 
2047.100000 7.86240917e+00 0.00000000e+00 
2047.150000 5.64888635e+00 0.00000000e+00 
2047.200000 2.87970129e+00 0.00000000e+00 
2047.250000 -1.74330175e-01 0.00000000e+00 
2047.300000 -3.21438001e+00 0.00000000e+00 
2047.350000 -5.94285369e+00 0.00000000e+00 
2047.400000 -8.09305132e+00 0.00000000e+00 
2047.450000 -9.45508914e+00 0.00000000e+00 
2047.500000 -9.89543646e+00 0.00000000e+00 
2047.550000 -9.37073146e+00 0.00000000e+00 
2047.600000 -7.93166183e+00 0.00000000e+00 
2047.650000 -5.71885133e+00 0.00000000e+00 
2047.700000 -2.94851761e+00 0.00000000e+00 
2047.750000 1.08620221e-01 0.00000000e+00 
2047.800000 3.15401949e+00 0.00000000e+00 
2047.850000 5.88942015e+00 0.00000000e+00 
2047.900000 8.04703979e+00 0.00000000e+00 
2047.950000 9.41516645e+00 0.00000000e+00 
2048.000000 9.85993944e+00 0.00000000e+00 
2048.050000 9.33763755e+00 0.00000000e+00 
2048.100000 7.89879174e+00 0.00000000e+00 
2048.150000 5.68461594e+00 0.00000000e+00 
2048.200000 2.91138324e+00 0.00000000e+00 
2048.250000 -1.49384299e-01 0.00000000e+00 
2048.300000 -3.19837634e+00 0.00000000e+00 
2048.350000 -5.93705686e+00 0.00000000e+00 
2048.400000 -8.09707430e+00 0.00000000e+00 
2048.450000 -9.46753143e+00 0.00000000e+00 
2048.500000 -9.91387587e+00 0.00000000e+00 
2048.550000 -9.39263448e+00 0.00000000e+00 
2048.600000 -7.95413194e+00 0.00000000e+00 
2048.650000 -5.73946738e+00 0.00000000e+00 
2048.700000 -2.96394837e+00 0.00000000e+00 
2048.750000 9.92118508e-02 0.00000000e+00 
2048.800000 3.15098401e+00 0.00000000e+00 
2048.850000 5.89371636e+00 0.00000000e+00 
2048.900000 8.05927722e+00 0.00000000e+00 
2048.950000 9.43552001e+00 0.00000000e+00 
2049.000000 9.88806448e+00 0.00000000e+00 
2049.050000 9.37201453e+00 0.00000000e+00 
2049.100000 7.93807533e+00 0.00000000e+00 
2049.150000 5.72734543e+00 0.00000000e+00 
2049.200000 2.95540982e+00 0.00000000e+00 
2049.250000 -1.04866060e-01 0.00000000e+00 
2049.300000 -3.15552608e+00 0.00000000e+00 
2049.350000 -5.89781356e+00 0.00000000e+00 
2049.400000 -8.06315821e+00 0.00000000e+00 
2049.450000 -9.44091939e+00 0.00000000e+00 
2049.500000 -9.89584629e+00 0.00000000e+00 
2049.550000 -9.38549698e+00 0.00000000e+00 
2049.600000 -7.95894045e+00 0.00000000e+00 
2049.650000 -5.75582013e+00 0.00000000e+00 
2049.700000 -2.99274599e+00 0.00000000e+00 
2049.750000 5.93790569e-02 0.00000000e+00 
2049.800000 3.10204405e+00 0.00000000e+00 
2049.850000 5.83787477e+00 0.00000000e+00 
2049.900000 7.99917997e+00 0.00000000e+00 
2049.950000 9.37631775e+00 0.00000000e+00 
2050.000000 9.83643550e+00 0.00000000e+00 
2050.050000 9.33625993e+00 0.00000000e+00 
2050.100000 7.92507621e+00 0.00000000e+00 
2050.150000 5.73903614e+00 0.00000000e+00 
2050.200000 2.99452797e+00 0.00000000e+00 
2050.250000 -4.02422575e-02 0.00000000e+00 
2050.300000 -3.07043251e+00 0.00000000e+00 
2050.350000 -5.80201015e+00 0.00000000e+00 
2050.400000 -7.96797911e+00 0.00000000e+00 
2050.450000 -9.35983584e+00 0.00000000e+00 
2050.500000 -9.84527747e+00 0.00000000e+00 
2050.550000 -9.37966534e+00 0.00000000e+00 
2050.600000 -8.01283706e+00 0.00000000e+00 
2050.650000 -5.87982933e+00 0.00000000e+00 
2050.700000 -3.19275740e+00 0.00000000e+00 
2050.750000 -2.19744144e-01 0.00000000e+00 
2050.800000 2.74656635e+00 0.00000000e+00 
2050.850000 5.41183972e+00 0.00000000e+00 
2050.900000 7.50810730e+00 0.00000000e+00 
2050.950000 8.83104988e+00 0.00000000e+00 
2051.000000 9.25440935e+00 0.00000000e+00 
2051.050000 8.73488724e+00 0.00000000e+00 
2051.100000 7.32058319e+00 0.00000000e+00 
2051.150000 5.14612383e+00 0.00000000e+00 
