2000.000000 -8.49024041e+00 0.00000000e+00 
2000.050000 -8.31141700e+00 0.00000000e+00 
2000.100000 -8.12496103e+00 0.00000000e+00 
2000.150000 -7.93227075e+00 0.00000000e+00 
2000.200000 -7.73027880e+00 0.00000000e+00 
2000.250000 -7.52048173e+00 0.00000000e+00 
2000.300000 -7.30258055e+00 0.00000000e+00 
2000.350000 -7.07696858e+00 0.00000000e+00 
2000.400000 -6.84126229e+00 0.00000000e+00 
2000.450000 -6.59620343e+00 0.00000000e+00 
2000.500000 -6.34458044e+00 0.00000000e+00 
2000.550000 -6.08763739e+00 0.00000000e+00 
2000.600000 -5.82704488e+00 0.00000000e+00 
2000.650000 -5.56345779e+00 0.00000000e+00 
2000.700000 -5.29872128e+00 0.00000000e+00 
2000.750000 -5.03373740e+00 0.00000000e+00 
2000.800000 -4.76939542e+00 0.00000000e+00 
2000.850000 -4.50742772e+00 0.00000000e+00 
2000.900000 -4.24762776e+00 0.00000000e+00 
2000.950000 -3.99076108e+00 0.00000000e+00 
2001.000000 -3.73644679e+00 0.00000000e+00 
2001.050000 -3.48555800e+00 0.00000000e+00 
2001.100000 -3.23721547e+00 0.00000000e+00 
2001.150000 -2.99123214e+00 0.00000000e+00 
2001.200000 -2.74620222e+00 0.00000000e+00 
2001.250000 -2.50264210e+00 0.00000000e+00 
2001.300000 -2.26008220e+00 0.00000000e+00 
2001.350000 -2.01804687e+00 0.00000000e+00 
2001.400000 -1.77610689e+00 0.00000000e+00 
2001.450000 -1.53409496e+00 0.00000000e+00 
2001.500000 -1.29236006e+00 0.00000000e+00 
2001.550000 -1.05155468e+00 0.00000000e+00 
2001.600000 -8.11517937e-01 0.00000000e+00 
2001.650000 -5.73210900e-01 0.00000000e+00 
2001.700000 -3.37200722e-01 0.00000000e+00 
2001.750000 -1.04471252e-01 0.00000000e+00 
2001.800000 1.24172417e-01 0.00000000e+00 
2001.850000 3.48095492e-01 0.00000000e+00 
2001.900000 5.66640456e-01 0.00000000e+00 
2001.950000 7.79441560e-01 0.00000000e+00 
2002.000000 9.85919425e-01 0.00000000e+00 
2002.050000 1.18637438e+00 0.00000000e+00 
2002.100000 1.38065229e+00 0.00000000e+00 
2002.150000 1.56874311e+00 0.00000000e+00 
2002.200000 1.75076552e+00 0.00000000e+00 
2002.250000 1.92687568e+00 0.00000000e+00 
2002.300000 2.09727292e+00 0.00000000e+00 
2002.350000 2.26244689e+00 0.00000000e+00 
2002.400000 2.42285143e+00 0.00000000e+00 
2002.450000 2.57838259e+00 0.00000000e+00 
2002.500000 2.72907402e+00 0.00000000e+00 
2002.550000 2.87483423e+00 0.00000000e+00 
2002.600000 3.01527249e+00 0.00000000e+00 
2002.650000 3.14978288e+00 0.00000000e+00 
2002.700000 3.27820101e+00 0.00000000e+00 
2002.750000 3.40004759e+00 0.00000000e+00 
2002.800000 3.51478028e+00 0.00000000e+00 
2002.850000 3.62196943e+00 0.00000000e+00 
2002.900000 3.72134630e+00 0.00000000e+00 
2002.950000 3.81258184e+00 0.00000000e+00 
2003.000000 3.89555443e+00 0.00000000e+00 
2003.050000 3.97013361e+00 0.00000000e+00 
2003.100000 4.03640204e+00 0.00000000e+00 
2003.150000 4.09452284e+00 0.00000000e+00 
2003.200000 4.14443389e+00 0.00000000e+00 
2003.250000 4.18672021e+00 0.00000000e+00 
2003.300000 4.22159958e+00 0.00000000e+00 
2003.350000 4.24943328e+00 0.00000000e+00 
2003.400000 4.27031429e+00 0.00000000e+00 
2003.450000 4.28450316e+00 0.00000000e+00 
2003.500000 4.29188499e+00 0.00000000e+00 
2003.550000 4.29235287e+00 0.00000000e+00 
2003.600000 4.28601204e+00 0.00000000e+00 
2003.650000 4.27274861e+00 0.00000000e+00 
2003.700000 4.25244710e+00 0.00000000e+00 
2003.750000 4.22490726e+00 0.00000000e+00 
2003.800000 4.18999834e+00 0.00000000e+00 
2003.850000 4.14751731e+00 0.00000000e+00 
2003.900000 4.09728596e+00 0.00000000e+00 
2003.950000 4.03920892e+00 0.00000000e+00 
2004.000000 3.97325485e+00 0.00000000e+00 
2004.050000 3.89960903e+00 0.00000000e+00 
2004.100000 3.81835878e+00 0.00000000e+00 
2004.150000 3.72992092e+00 0.00000000e+00 
2004.200000 3.63451024e+00 0.00000000e+00 
2004.250000 3.53247901e+00 0.00000000e+00 
2004.300000 3.42409267e+00 0.00000000e+00 
2004.350000 3.30973086e+00 0.00000000e+00 
2004.400000 3.18964205e+00 0.00000000e+00 
2004.450000 3.06423707e+00 0.00000000e+00 
2004.500000 2.93361412e+00 0.00000000e+00 
2004.550000 2.79796867e+00 0.00000000e+00 
2004.600000 2.65753039e+00 0.00000000e+00 
2004.650000 2.51225300e+00 0.00000000e+00 
2004.700000 2.36217248e+00 0.00000000e+00 
2004.750000 2.20736079e+00 0.00000000e+00 
2004.800000 2.04774014e+00 0.00000000e+00 
2004.850000 1.88346690e+00 0.00000000e+00 
2004.900000 1.71448541e+00 0.00000000e+00 
2004.950000 1.54086621e+00 0.00000000e+00 
2005.000000 1.36276875e+00 0.00000000e+00 
2005.050000 1.18050545e+00 0.00000000e+00 
2005.100000 9.94228566e-01 0.00000000e+00 
2005.150000 8.04239569e-01 0.00000000e+00 
2005.200000 6.11116998e-01 0.00000000e+00 
2005.250000 4.15248510e-01 0.00000000e+00 
2005.300000 2.16954581e-01 0.00000000e+00 
2005.350000 1.67469303e-02 0.00000000e+00 
2005.400000 -1.84973814e-01 0.00000000e+00 
2005.450000 -3.87996310e-01 0.00000000e+00 
2005.500000 -5.91980604e-01 0.00000000e+00 
2005.550000 -7.96431573e-01 0.00000000e+00 
2005.600000 -1.00120820e+00 0.00000000e+00 
2005.650000 -1.20625428e+00 0.00000000e+00 
2005.700000 -1.41136589e+00 0.00000000e+00 
2005.750000 -1.61654775e+00 0.00000000e+00 
2005.800000 -1.82156791e+00 0.00000000e+00 
2005.850000 -2.02638955e+00 0.00000000e+00 
2005.900000 -2.23078766e+00 0.00000000e+00 
2005.950000 -2.43474410e+00 0.00000000e+00 
2006.000000 -2.63800772e+00 0.00000000e+00 
2006.050000 -2.84034073e+00 0.00000000e+00 
2006.100000 -3.04130372e+00 0.00000000e+00 
2006.150000 -3.24062348e+00 0.00000000e+00 
2006.200000 -3.43795170e+00 0.00000000e+00 
2006.250000 -3.63278597e+00 0.00000000e+00 
2006.300000 -3.82483994e+00 0.00000000e+00 
2006.350000 -4.01366599e+00 0.00000000e+00 
2006.400000 -4.19891294e+00 0.00000000e+00 
2006.450000 -4.38017643e+00 0.00000000e+00 
2006.500000 -4.55719239e+00 0.00000000e+00 
2006.550000 -4.72959223e+00 0.00000000e+00 
2006.600000 -4.89715437e+00 0.00000000e+00 
2006.650000 -5.05981516e+00 0.00000000e+00 
2006.700000 -5.21736113e+00 0.00000000e+00 
2006.750000 -5.36981606e+00 0.00000000e+00 
2006.800000 -5.51712662e+00 0.00000000e+00 
2006.850000 -5.65922936e+00 0.00000000e+00 
2006.900000 -5.79606725e+00 0.00000000e+00 
2006.950000 -5.92738074e+00 0.00000000e+00 
2007.000000 -6.05306903e+00 0.00000000e+00 
2007.050000 -6.17297244e+00 0.00000000e+00 
2007.100000 -6.28692206e+00 0.00000000e+00 
2007.150000 -6.39461524e+00 0.00000000e+00 
2007.200000 -6.49579004e+00 0.00000000e+00 
2007.250000 -6.59018018e+00 0.00000000e+00 
2007.300000 -6.67739074e+00 0.00000000e+00 
2007.350000 -6.75716694e+00 0.00000000e+00 
2007.400000 -6.82917039e+00 0.00000000e+00 
2007.450000 -6.89324570e+00 0.00000000e+00 
2007.500000 -6.94914632e+00 0.00000000e+00 
2007.550000 -6.99680781e+00 0.00000000e+00 
2007.600000 -7.03605518e+00 0.00000000e+00 
2007.650000 -7.06691001e+00 0.00000000e+00 
2007.700000 -7.08935003e+00 0.00000000e+00 
2007.750000 -7.10341873e+00 0.00000000e+00 
2007.800000 -7.10921894e+00 0.00000000e+00 
2007.850000 -7.10681598e+00 0.00000000e+00 
2007.900000 -7.09622547e+00 0.00000000e+00 
2007.950000 -7.07746489e+00 0.00000000e+00 
2008.000000 -7.05058005e+00 0.00000000e+00 
2008.050000 -7.01547766e+00 0.00000000e+00 
2008.100000 -6.97224533e+00 0.00000000e+00 
2008.150000 -6.92074459e+00 0.00000000e+00 
2008.200000 -6.86081952e+00 0.00000000e+00 
2008.250000 -6.79241545e+00 0.00000000e+00 
2008.300000 -6.71546407e+00 0.00000000e+00 
2008.350000 -6.62979769e+00 0.00000000e+00 
2008.400000 -6.53536338e+00 0.00000000e+00 
2008.450000 -6.43204142e+00 0.00000000e+00 
2008.500000 -6.31986838e+00 0.00000000e+00 
2008.550000 -6.19895954e+00 0.00000000e+00 
2008.600000 -6.06944149e+00 0.00000000e+00 
2008.650000 -5.93147753e+00 0.00000000e+00 
2008.700000 -5.78515865e+00 0.00000000e+00 
2008.750000 -5.63079039e+00 0.00000000e+00 
2008.800000 -5.46857301e+00 0.00000000e+00 
2008.850000 -5.29871341e+00 0.00000000e+00 
2008.900000 -5.12147413e+00 0.00000000e+00 
2008.950000 -4.93711281e+00 0.00000000e+00 
2009.000000 -4.74568807e+00 0.00000000e+00 
2009.050000 -4.54742504e+00 0.00000000e+00 
2009.100000 -4.34246906e+00 0.00000000e+00 
2009.150000 -4.13096778e+00 0.00000000e+00 
2009.200000 -3.91296365e+00 0.00000000e+00 
2009.250000 -3.68870621e+00 0.00000000e+00 
2009.300000 -3.45817454e+00 0.00000000e+00 
2009.350000 -3.22146887e+00 0.00000000e+00 
2009.400000 -2.97879670e+00 0.00000000e+00 
2009.450000 -2.73028492e+00 0.00000000e+00 
2009.500000 -2.47611358e+00 0.00000000e+00 
2009.550000 -2.21651576e+00 0.00000000e+00 
2009.600000 -1.95176966e+00 0.00000000e+00 
2009.650000 -1.68216592e+00 0.00000000e+00 
2009.700000 -1.40806899e+00 0.00000000e+00 
2009.750000 -1.12983886e+00 0.00000000e+00 
2009.800000 -8.47838802e-01 0.00000000e+00 
2009.850000 -5.62463423e-01 0.00000000e+00 
2009.900000 -2.74071429e-01 0.00000000e+00 
2009.950000 1.69150336e-02 0.00000000e+00 
2010.000000 3.10246253e-01 0.00000000e+00 
2010.050000 6.05572740e-01 0.00000000e+00 
2010.100000 9.02604754e-01 0.00000000e+00 
2010.150000 1.20109521e+00 0.00000000e+00 
2010.200000 1.50083287e+00 0.00000000e+00 
2010.250000 1.80156642e+00 0.00000000e+00 
2010.300000 2.10303609e+00 0.00000000e+00 
2010.350000 2.40503919e+00 0.00000000e+00 
2010.400000 2.70731011e+00 0.00000000e+00 
2010.450000 3.00962306e+00 0.00000000e+00 
2010.500000 3.31167049e+00 0.00000000e+00 
2010.550000 3.61313174e+00 0.00000000e+00 
2010.600000 3.91362246e+00 0.00000000e+00 
2010.650000 4.21279425e+00 0.00000000e+00 
2010.700000 4.51020699e+00 0.00000000e+00 
2010.750000 4.80552152e+00 0.00000000e+00 
2010.800000 5.09822616e+00 0.00000000e+00 
2010.850000 5.38794511e+00 0.00000000e+00 
2010.900000 5.67427767e+00 0.00000000e+00 
2010.950000 5.95677526e+00 0.00000000e+00 
2011.000000 6.23513649e+00 0.00000000e+00 
2011.050000 6.50899906e+00 0.00000000e+00 
2011.100000 6.77806725e+00 0.00000000e+00 
2011.150000 7.04209990e+00 0.00000000e+00 
2011.200000 7.30082069e+00 0.00000000e+00 
2011.250000 7.55394098e+00 0.00000000e+00 
2011.300000 7.80126085e+00 0.00000000e+00 
2011.350000 8.04258088e+00 0.00000000e+00 
2011.400000 8.27765637e+00 0.00000000e+00 
2011.450000 8.50629688e+00 0.00000000e+00 
2011.500000 8.72824477e+00 0.00000000e+00 
2011.550000 8.94324398e+00 0.00000000e+00 
2011.600000 9.15098937e+00 0.00000000e+00 
2011.650000 9.35116161e+00 0.00000000e+00 
2011.700000 9.54343126e+00 0.00000000e+00 
2011.750000 9.72742796e+00 0.00000000e+00 
2011.800000 9.90285651e+00 0.00000000e+00 
2011.850000 1.00693915e+01 0.00000000e+00 
2011.900000 1.02267274e+01 0.00000000e+00 
2011.950000 1.03746025e+01 0.00000000e+00 
2012.000000 1.05127330e+01 0.00000000e+00 
2012.050000 1.06408943e+01 0.00000000e+00 
2012.100000 1.07589047e+01 0.00000000e+00 
2012.150000 1.08665843e+01 0.00000000e+00 
2012.200000 1.09638366e+01 0.00000000e+00 
2012.250000 1.10506225e+01 0.00000000e+00 
2012.300000 1.11268285e+01 0.00000000e+00 
2012.350000 1.11923980e+01 0.00000000e+00 
2012.400000 1.12472606e+01 0.00000000e+00 
2012.450000 1.12913419e+01 0.00000000e+00 
2012.500000 1.13245479e+01 0.00000000e+00 
2012.550000 1.13468257e+01 0.00000000e+00 
2012.600000 1.13580541e+01 0.00000000e+00 
2012.650000 1.13581038e+01 0.00000000e+00 
2012.700000 1.13468434e+01 0.00000000e+00 
2012.750000 1.13240783e+01 0.00000000e+00 
2012.800000 1.12897197e+01 0.00000000e+00 
2012.850000 1.12436889e+01 0.00000000e+00 
2012.900000 1.11859104e+01 0.00000000e+00 
2012.950000 1.11162962e+01 0.00000000e+00 
2013.000000 1.10347940e+01 0.00000000e+00 
2013.050000 1.09414490e+01 0.00000000e+00 
2013.100000 1.08362842e+01 0.00000000e+00 
2013.150000 1.07193757e+01 0.00000000e+00 
2013.200000 1.05908543e+01 0.00000000e+00 
2013.250000 1.04508295e+01 0.00000000e+00 
2013.300000 1.02994522e+01 0.00000000e+00 
2013.350000 1.01368835e+01 0.00000000e+00 
2013.400000 9.96328775e+00 0.00000000e+00 
2013.450000 9.77888803e+00 0.00000000e+00 
2013.500000 9.58386337e+00 0.00000000e+00 
2013.550000 9.37826927e+00 0.00000000e+00 
2013.600000 9.16227381e+00 0.00000000e+00 
2013.650000 8.93606559e+00 0.00000000e+00 
2013.700000 8.69972928e+00 0.00000000e+00 
2013.750000 8.45334622e+00 0.00000000e+00 
2013.800000 8.19704593e+00 0.00000000e+00 
2013.850000 7.93094172e+00 0.00000000e+00 
2013.900000 7.65520026e+00 0.00000000e+00 
2013.950000 7.37000506e+00 0.00000000e+00 
2014.000000 7.07556204e+00 0.00000000e+00 
2014.050000 6.77210509e+00 0.00000000e+00 
2014.100000 6.45987324e+00 0.00000000e+00 
2014.150000 6.13922886e+00 0.00000000e+00 
2014.200000 5.81052129e+00 0.00000000e+00 
2014.250000 5.47405515e+00 0.00000000e+00 
2014.300000 5.13023946e+00 0.00000000e+00 
2014.350000 4.77947475e+00 0.00000000e+00 
2014.400000 4.42211718e+00 0.00000000e+00 
2014.450000 4.05853193e+00 0.00000000e+00 
2014.500000 3.68908866e+00 0.00000000e+00 
2014.550000 3.31418124e+00 0.00000000e+00 
2014.600000 2.93414660e+00 0.00000000e+00 
2014.650000 2.54930588e+00 0.00000000e+00 
2014.700000 2.15992161e+00 0.00000000e+00 
2014.750000 1.76636439e+00 0.00000000e+00 
2014.800000 1.36891992e+00 0.00000000e+00 
2014.850000 9.67879757e-01 0.00000000e+00 
2014.900000 5.63592035e-01 0.00000000e+00 
2014.950000 1.56460860e-01 0.00000000e+00 
2015.000000 -2.81111348e-01 0.00000000e+00 
2015.050000 -7.21743322e-01 0.00000000e+00 
2015.100000 -1.16492960e+00 0.00000000e+00 
2015.150000 -1.61015990e+00 0.00000000e+00 
2015.200000 -2.05690027e+00 0.00000000e+00 
2015.250000 -2.50466769e+00 0.00000000e+00 
2015.300000 -2.95290299e+00 0.00000000e+00 
2015.350000 -3.40098891e+00 0.00000000e+00 
2015.400000 -3.84828789e+00 0.00000000e+00 
2015.450000 -4.29425391e+00 0.00000000e+00 
2015.500000 -4.73839941e+00 0.00000000e+00 
2015.550000 -5.18028832e+00 0.00000000e+00 
2015.600000 -5.61946871e+00 0.00000000e+00 
2015.650000 -6.05550721e+00 0.00000000e+00 
2015.700000 -6.48809999e+00 0.00000000e+00 
2015.750000 -6.91685338e+00 0.00000000e+00 
2015.800000 -7.34138930e+00 0.00000000e+00 
2015.850000 -7.76144401e+00 0.00000000e+00 
2015.900000 -8.17654529e+00 0.00000000e+00 
2015.950000 -8.58635304e+00 0.00000000e+00 
2016.000000 -8.99041093e+00 0.00000000e+00 
2016.050000 -9.38837134e+00 0.00000000e+00 
2016.100000 -9.77972664e+00 0.00000000e+00 
2016.150000 -1.01639995e+01 0.00000000e+00 
2016.200000 -1.05405607e+01 0.00000000e+00 
2016.250000 -1.09089664e+01 0.00000000e+00 
2016.300000 -1.12687224e+01 0.00000000e+00 
2016.350000 -1.16192603e+01 0.00000000e+00 
2016.400000 -1.19600388e+01 0.00000000e+00 
2016.450000 -1.22905176e+01 0.00000000e+00 
2016.500000 -1.26103015e+01 0.00000000e+00 
2016.550000 -1.29189914e+01 0.00000000e+00 
2016.600000 -1.32161507e+01 0.00000000e+00 
2016.650000 -1.35015309e+01 0.00000000e+00 
2016.700000 -1.37748430e+01 0.00000000e+00 
2016.750000 -1.40358481e+01 0.00000000e+00 
2016.800000 -1.42843576e+01 0.00000000e+00 
2016.850000 -1.45201517e+01 0.00000000e+00 
2016.900000 -1.47430612e+01 0.00000000e+00 
2016.950000 -1.49528137e+01 0.00000000e+00 
2017.000000 -1.51492409e+01 0.00000000e+00 
2017.050000 -1.53320410e+01 0.00000000e+00 
2017.100000 -1.55008983e+01 0.00000000e+00 
2017.150000 -1.56555127e+01 0.00000000e+00 
2017.200000 -1.57956220e+01 0.00000000e+00 
2017.250000 -1.59208902e+01 0.00000000e+00 
2017.300000 -1.60309930e+01 0.00000000e+00 
2017.350000 -1.61255645e+01 0.00000000e+00 
2017.400000 -1.62042674e+01 0.00000000e+00 
2017.450000 -1.62668584e+01 0.00000000e+00 
2017.500000 -1.63130765e+01 0.00000000e+00 
2017.550000 -1.63427772e+01 0.00000000e+00 
2017.600000 -1.63559287e+01 0.00000000e+00 
2017.650000 -1.63525205e+01 0.00000000e+00 
2017.700000 -1.63324867e+01 0.00000000e+00 
2017.750000 -1.62958670e+01 0.00000000e+00 
2017.800000 -1.62427717e+01 0.00000000e+00 
2017.850000 -1.61732527e+01 0.00000000e+00 
2017.900000 -1.60873566e+01 0.00000000e+00 
2017.950000 -1.59851644e+01 0.00000000e+00 
2018.000000 -1.58667575e+01 0.00000000e+00 
2018.050000 -1.57321878e+01 0.00000000e+00 
2018.100000 -1.55814539e+01 0.00000000e+00 
2018.150000 -1.54145701e+01 0.00000000e+00 
2018.200000 -1.52315845e+01 0.00000000e+00 
2018.250000 -1.50324346e+01 0.00000000e+00 
2018.300000 -1.48171091e+01 0.00000000e+00 
2018.350000 -1.45856151e+01 0.00000000e+00 
2018.400000 -1.43380175e+01 0.00000000e+00 
2018.450000 -1.40743904e+01 0.00000000e+00 
2018.500000 -1.37949531e+01 0.00000000e+00 
2018.550000 -1.34998931e+01 0.00000000e+00 
2018.600000 -1.31894273e+01 0.00000000e+00 
2018.650000 -1.28637993e+01 0.00000000e+00 
2018.700000 -1.25233700e+01 0.00000000e+00 
2018.750000 -1.21684596e+01 0.00000000e+00 
2018.800000 -1.17994728e+01 0.00000000e+00 
2018.850000 -1.14167996e+01 0.00000000e+00 
2018.900000 -1.10208836e+01 0.00000000e+00 
2018.950000 -1.06121035e+01 0.00000000e+00 
2019.000000 -1.01909304e+01 0.00000000e+00 
2019.050000 -9.75766047e+00 0.00000000e+00 
2019.100000 -9.31266673e+00 0.00000000e+00 
2019.150000 -8.85628951e+00 0.00000000e+00 
2019.200000 -8.38883666e+00 0.00000000e+00 
2019.250000 -7.91064574e+00 0.00000000e+00 
2019.300000 -7.42205121e+00 0.00000000e+00 
2019.350000 -6.92336051e+00 0.00000000e+00 
2019.400000 -6.41496568e+00 0.00000000e+00 
2019.450000 -5.89720895e+00 0.00000000e+00 
2019.500000 -5.37059868e+00 0.00000000e+00 
2019.550000 -4.83553697e+00 0.00000000e+00 
2019.600000 -4.29252730e+00 0.00000000e+00 
2019.650000 -3.74221890e+00 0.00000000e+00 
2019.700000 -3.18519113e+00 0.00000000e+00 
2019.750000 -2.62197396e+00 0.00000000e+00 
2019.800000 -2.05330430e+00 0.00000000e+00 
2019.850000 -1.47976127e+00 0.00000000e+00 
2019.900000 -9.02060921e-01 0.00000000e+00 
2019.950000 -3.20867793e-01 0.00000000e+00 
2020.000000 2.63188922e-01 0.00000000e+00 
2020.050000 8.49556828e-01 0.00000000e+00 
2020.100000 1.43763006e+00 0.00000000e+00 
2020.150000 2.02684678e+00 0.00000000e+00 
2020.200000 2.61681712e+00 0.00000000e+00 
2020.250000 3.20703943e+00 0.00000000e+00 
2020.300000 3.79698724e+00 0.00000000e+00 
2020.350000 4.38621005e+00 0.00000000e+00 
2020.400000 4.97423583e+00 0.00000000e+00 
2020.450000 5.56043271e+00 0.00000000e+00 
2020.500000 6.14428661e+00 0.00000000e+00 
2020.550000 6.72532661e+00 0.00000000e+00 
2020.600000 7.30288781e+00 0.00000000e+00 
2020.650000 7.87626477e+00 0.00000000e+00 
2020.700000 8.44476569e+00 0.00000000e+00 
2020.750000 9.00767584e+00 0.00000000e+00 
2020.800000 9.56434993e+00 0.00000000e+00 
2020.850000 1.01140099e+01 0.00000000e+00 
2020.900000 1.06560662e+01 0.00000000e+00 
2020.950000 1.11897528e+01 0.00000000e+00 
2021.000000 1.17144470e+01 0.00000000e+00 
2021.050000 1.22295743e+01 0.00000000e+00 
2021.100000 1.27346595e+01 0.00000000e+00 
2021.150000 1.32291675e+01 0.00000000e+00 
2021.200000 1.37126396e+01 0.00000000e+00 
2021.250000 1.41846586e+01 0.00000000e+00 
2021.300000 1.46447056e+01 0.00000000e+00 
2021.350000 1.50924430e+01 0.00000000e+00 
2021.400000 1.55274204e+01 0.00000000e+00 
2021.450000 1.59492864e+01 0.00000000e+00 
2021.500000 1.63575234e+01 0.00000000e+00 
2021.550000 1.67517924e+01 0.00000000e+00 
2021.600000 1.71316062e+01 0.00000000e+00 
2021.650000 1.74963670e+01 0.00000000e+00 
2021.700000 1.78456193e+01 0.00000000e+00 
2021.750000 1.81788040e+01 0.00000000e+00 
2021.800000 1.84953380e+01 0.00000000e+00 
2021.850000 1.87947327e+01 0.00000000e+00 
2021.900000 1.90764894e+01 0.00000000e+00 
2021.950000 1.93402289e+01 0.00000000e+00 
2022.000000 1.95855372e+01 0.00000000e+00 
2022.050000 1.98120733e+01 0.00000000e+00 
2022.100000 2.00194702e+01 0.00000000e+00 
2022.150000 2.02075025e+01 0.00000000e+00 
2022.200000 2.03759598e+01 0.00000000e+00 
2022.250000 2.05247152e+01 0.00000000e+00 
2022.300000 2.06536929e+01 0.00000000e+00 
2022.350000 2.07627649e+01 0.00000000e+00 
2022.400000 2.08518816e+01 0.00000000e+00 
2022.450000 2.09208832e+01 0.00000000e+00 
2022.500000 2.09696828e+01 0.00000000e+00 
2022.550000 2.09981579e+01 0.00000000e+00 
2022.600000 2.10062345e+01 0.00000000e+00 
2022.650000 2.09937173e+01 0.00000000e+00 
2022.700000 2.09604785e+01 0.00000000e+00 
2022.750000 2.09062859e+01 0.00000000e+00 
2022.800000 2.08309514e+01 0.00000000e+00 
2022.850000 2.07343931e+01 0.00000000e+00 
2022.900000 2.06165213e+01 0.00000000e+00 
2022.950000 2.04772890e+01 0.00000000e+00 
2023.000000 2.03166613e+01 0.00000000e+00 
2023.050000 2.01347662e+01 0.00000000e+00 
2023.100000 1.99315554e+01 0.00000000e+00 
2023.150000 1.97072714e+01 0.00000000e+00 
2023.200000 1.94621856e+01 0.00000000e+00 
2023.250000 1.91964986e+01 0.00000000e+00 
2023.300000 1.89104909e+01 0.00000000e+00 
2023.350000 1.86045518e+01 0.00000000e+00 
2023.400000 1.82790150e+01 0.00000000e+00 
2023.450000 1.79342458e+01 0.00000000e+00 
2023.500000 1.75705173e+01 0.00000000e+00 
2023.550000 1.71880998e+01 0.00000000e+00 
2023.600000 1.67872687e+01 0.00000000e+00 
2023.650000 1.63683029e+01 0.00000000e+00 
2023.700000 1.59315530e+01 0.00000000e+00 
2023.750000 1.54771760e+01 0.00000000e+00 
2023.800000 1.50054239e+01 0.00000000e+00 
2023.850000 1.45166391e+01 0.00000000e+00 
2023.900000 1.40111228e+01 0.00000000e+00 
2023.950000 1.34891772e+01 0.00000000e+00 
2024.000000 1.29513391e+01 0.00000000e+00 
2024.050000 1.23979956e+01 0.00000000e+00 
2024.100000 1.18296233e+01 0.00000000e+00 
2024.150000 1.12468008e+01 0.00000000e+00 
2024.200000 1.06501906e+01 0.00000000e+00 
2024.250000 1.00403241e+01 0.00000000e+00 
2024.300000 9.41799107e+00 0.00000000e+00 
2024.350000 8.78385022e+00 0.00000000e+00 
2024.400000 8.13851123e+00 0.00000000e+00 
2024.450000 7.48272447e+00 0.00000000e+00 
2024.500000 6.81718433e+00 0.00000000e+00 
2024.550000 6.14251163e+00 0.00000000e+00 
2024.600000 5.45931504e+00 0.00000000e+00 
2024.650000 4.76822920e+00 0.00000000e+00 
2024.700000 4.06976468e+00 0.00000000e+00 
2024.750000 3.36451302e+00 0.00000000e+00 
2024.800000 2.65303677e+00 0.00000000e+00 
2024.850000 1.93592599e+00 0.00000000e+00 
2024.900000 1.21380038e+00 0.00000000e+00 
2024.950000 4.87234169e-01 0.00000000e+00 
2025.000000 -2.43061457e-01 0.00000000e+00 
2025.050000 -9.76424287e-01 0.00000000e+00 
2025.100000 -1.71206849e+00 0.00000000e+00 
2025.150000 -2.44920606e+00 0.00000000e+00 
2025.200000 -3.18701968e+00 0.00000000e+00 
2025.250000 -3.92467824e+00 0.00000000e+00 
2025.300000 -4.66133689e+00 0.00000000e+00 
2025.350000 -5.39616528e+00 0.00000000e+00 
2025.400000 -6.12834090e+00 0.00000000e+00 
2025.450000 -6.85697369e+00 0.00000000e+00 
2025.500000 -7.58126423e+00 0.00000000e+00 
2025.550000 -8.30048782e+00 0.00000000e+00 
2025.600000 -9.01390788e+00 0.00000000e+00 
2025.650000 -9.72086698e+00 0.00000000e+00 
2025.700000 -1.04207484e+01 0.00000000e+00 
2025.750000 -1.11127756e+01 0.00000000e+00 
2025.800000 -1.17964602e+01 0.00000000e+00 
2025.850000 -1.24711358e+01 0.00000000e+00 
2025.900000 -1.31362189e+01 0.00000000e+00 
2025.950000 -1.37911571e+01 0.00000000e+00 
2026.000000 -1.44352008e+01 0.00000000e+00 
2026.050000 -1.50677196e+01 0.00000000e+00 
2026.100000 -1.56880452e+01 0.00000000e+00 
2026.150000 -1.62954087e+01 0.00000000e+00 
2026.200000 -1.68891012e+01 0.00000000e+00 
2026.250000 -1.74684046e+01 0.00000000e+00 
2026.300000 -1.80325513e+01 0.00000000e+00 
2026.350000 -1.85807902e+01 0.00000000e+00 
2026.400000 -1.91124298e+01 0.00000000e+00 
2026.450000 -1.96267686e+01 0.00000000e+00 
2026.500000 -2.01232074e+01 0.00000000e+00 
2026.550000 -2.06011308e+01 0.00000000e+00 
2026.600000 -2.10600358e+01 0.00000000e+00 
2026.650000 -2.14994468e+01 0.00000000e+00 
2026.700000 -2.19189153e+01 0.00000000e+00 
2026.750000 -2.23180767e+01 0.00000000e+00 
2026.800000 -2.26965523e+01 0.00000000e+00 
2026.850000 -2.30539992e+01 0.00000000e+00 
2026.900000 -2.33901125e+01 0.00000000e+00 
2026.950000 -2.37045180e+01 0.00000000e+00 
2027.000000 -2.39968912e+01 0.00000000e+00 
2027.050000 -2.42668971e+01 0.00000000e+00 
2027.100000 -2.45141829e+01 0.00000000e+00 
2027.150000 -2.47384167e+01 0.00000000e+00 
2027.200000 -2.49391451e+01 0.00000000e+00 
2027.250000 -2.51159510e+01 0.00000000e+00 
2027.300000 -2.52684609e+01 0.00000000e+00 
2027.350000 -2.53963190e+01 0.00000000e+00 
2027.400000 -2.54991801e+01 0.00000000e+00 
2027.450000 -2.55768078e+01 0.00000000e+00 
2027.500000 -2.56290033e+01 0.00000000e+00 
2027.550000 -2.56555348e+01 0.00000000e+00 
2027.600000 -2.56563163e+01 0.00000000e+00 
2027.650000 -2.56313078e+01 0.00000000e+00 
2027.700000 -2.55805658e+01 0.00000000e+00 
2027.750000 -2.55041975e+01 0.00000000e+00 
2027.800000 -2.54022765e+01 0.00000000e+00 
2027.850000 -2.52748378e+01 0.00000000e+00 
2027.900000 -2.51220247e+01 0.00000000e+00 
2027.950000 -2.49439575e+01 0.00000000e+00 
2028.000000 -2.47409009e+01 0.00000000e+00 
2028.050000 -2.45128452e+01 0.00000000e+00 
2028.100000 -2.42599978e+01 0.00000000e+00 
2028.150000 -2.39824633e+01 0.00000000e+00 
2028.200000 -2.36802726e+01 0.00000000e+00 
2028.250000 -2.33536155e+01 0.00000000e+00 
2028.300000 -2.30026162e+01 0.00000000e+00 
2028.350000 -2.26274225e+01 0.00000000e+00 
2028.400000 -2.22282122e+01 0.00000000e+00 
2028.450000 -2.18051211e+01 0.00000000e+00 
2028.500000 -2.13584089e+01 0.00000000e+00 
2028.550000 -2.08885474e+01 0.00000000e+00 
2028.600000 -2.03959377e+01 0.00000000e+00 
2028.650000 -1.98809185e+01 0.00000000e+00 
2028.700000 -1.93441023e+01 0.00000000e+00 
2028.750000 -1.87860844e+01 0.00000000e+00 
2028.800000 -1.82074247e+01 0.00000000e+00 
2028.850000 -1.76087921e+01 0.00000000e+00 
2028.900000 -1.69908145e+01 0.00000000e+00 
2028.950000 -1.63540750e+01 0.00000000e+00 
2029.000000 -1.56992430e+01 0.00000000e+00 
2029.050000 -1.50269183e+01 0.00000000e+00 
2029.100000 -1.43377437e+01 0.00000000e+00 
2029.150000 -1.36322311e+01 0.00000000e+00 
2029.200000 -1.29109293e+01 0.00000000e+00 
2029.250000 -1.21744702e+01 0.00000000e+00 
2029.300000 -1.14233616e+01 0.00000000e+00 
2029.350000 -1.06581895e+01 0.00000000e+00 
2029.400000 -9.87960590e+00 0.00000000e+00 
2029.450000 -9.08827738e+00 0.00000000e+00 
2029.500000 -8.28490225e+00 0.00000000e+00 
2029.550000 -7.47020001e+00 0.00000000e+00 
2029.600000 -6.64489569e+00 0.00000000e+00 
2029.650000 -5.80987987e+00 0.00000000e+00 
2029.700000 -4.96609913e+00 0.00000000e+00 
2029.750000 -4.11437172e+00 0.00000000e+00 
2029.800000 -3.25565999e+00 0.00000000e+00 
2029.850000 -2.39097388e+00 0.00000000e+00 
2029.900000 -1.52125441e+00 0.00000000e+00 
2029.950000 -6.47358848e-01 0.00000000e+00 
2030.000000 2.29787494e-01 0.00000000e+00 
2030.050000 1.10925493e+00 0.00000000e+00 
2030.100000 1.99023083e+00 0.00000000e+00 
2030.150000 2.87192629e+00 0.00000000e+00 
2030.200000 3.75353702e+00 0.00000000e+00 
2030.250000 4.63422298e+00 0.00000000e+00 
2030.300000 5.51319398e+00 0.00000000e+00 
2030.350000 6.38977789e+00 0.00000000e+00 
2030.400000 7.26317247e+00 0.00000000e+00 
2030.450000 8.13258740e+00 0.00000000e+00 
2030.500000 8.99722214e+00 0.00000000e+00 
2030.550000 9.85616815e+00 0.00000000e+00 
2030.600000 1.07085699e+01 0.00000000e+00 
2030.650000 1.15534449e+01 0.00000000e+00 
2030.700000 1.23898102e+01 0.00000000e+00 
2030.750000 1.32167043e+01 0.00000000e+00 
2030.800000 1.40331602e+01 0.00000000e+00 
2030.850000 1.48381890e+01 0.00000000e+00 
2030.900000 1.56308669e+01 0.00000000e+00 
2030.950000 1.64103033e+01 0.00000000e+00 
2031.000000 1.71756297e+01 0.00000000e+00 
2031.050000 1.79260125e+01 0.00000000e+00 
2031.100000 1.86606393e+01 0.00000000e+00 
2031.150000 1.93788082e+01 0.00000000e+00 
2031.200000 2.00798818e+01 0.00000000e+00 
2031.250000 2.07631845e+01 0.00000000e+00 
2031.300000 2.14280584e+01 0.00000000e+00 
2031.350000 2.20739366e+01 0.00000000e+00 
2031.400000 2.27002282e+01 0.00000000e+00 
2031.450000 2.33063442e+01 0.00000000e+00 
2031.500000 2.38916183e+01 0.00000000e+00 
2031.550000 2.44554796e+01 0.00000000e+00 
2031.600000 2.49972630e+01 0.00000000e+00 
2031.650000 2.55162625e+01 0.00000000e+00 
2031.700000 2.60117770e+01 0.00000000e+00 
2031.750000 2.64831295e+01 0.00000000e+00 
2031.800000 2.69296824e+01 0.00000000e+00 
2031.850000 2.73507479e+01 0.00000000e+00 
2031.900000 2.77456912e+01 0.00000000e+00 
2031.950000 2.81140372e+01 0.00000000e+00 
2032.000000 2.84552326e+01 0.00000000e+00 
2032.050000 2.87687952e+01 0.00000000e+00 
2032.100000 2.90544231e+01 0.00000000e+00 
2032.150000 2.93118476e+01 0.00000000e+00 
2032.200000 2.95407206e+01 0.00000000e+00 
2032.250000 2.97408716e+01 0.00000000e+00 
2032.300000 2.99121160e+01 0.00000000e+00 
2032.350000 3.00543152e+01 0.00000000e+00 
2032.400000 3.01673284e+01 0.00000000e+00 
2032.450000 3.02510819e+01 0.00000000e+00 
2032.500000 3.03055251e+01 0.00000000e+00 
2032.550000 3.03304660e+01 0.00000000e+00 
2032.600000 3.03256773e+01 0.00000000e+00 
2032.650000 3.02910527e+01 0.00000000e+00 
2032.700000 3.02264839e+01 0.00000000e+00 
2032.750000 3.01318418e+01 0.00000000e+00 
2032.800000 3.00069701e+01 0.00000000e+00 
2032.850000 2.98518091e+01 0.00000000e+00 
2032.900000 2.96663278e+01 0.00000000e+00 
2032.950000 2.94505934e+01 0.00000000e+00 
2033.000000 2.92046141e+01 0.00000000e+00 
2033.050000 2.89285319e+01 0.00000000e+00 
2033.100000 2.86225737e+01 0.00000000e+00 
2033.150000 2.82870042e+01 0.00000000e+00 
2033.200000 2.79221541e+01 0.00000000e+00 
2033.250000 2.75283623e+01 0.00000000e+00 
2033.300000 2.71061021e+01 0.00000000e+00 
2033.350000 2.66557678e+01 0.00000000e+00 
2033.400000 2.61778892e+01 0.00000000e+00 
2033.450000 2.56728777e+01 0.00000000e+00 
2033.500000 2.51411415e+01 0.00000000e+00 
2033.550000 2.45832138e+01 0.00000000e+00 
2033.600000 2.39995195e+01 0.00000000e+00 
2033.650000 2.33905948e+01 0.00000000e+00 
2033.700000 2.27568210e+01 0.00000000e+00 
2033.750000 2.20987066e+01 0.00000000e+00 
2033.800000 2.14166863e+01 0.00000000e+00 
2033.850000 2.07113139e+01 0.00000000e+00 
2033.900000 1.99831276e+01 0.00000000e+00 
2033.950000 1.92327240e+01 0.00000000e+00 
2034.000000 1.84606222e+01 0.00000000e+00 
2034.050000 1.76675973e+01 0.00000000e+00 
2034.100000 1.68544022e+01 0.00000000e+00 
2034.150000 1.60217487e+01 0.00000000e+00 
2034.200000 1.51705267e+01 0.00000000e+00 
2034.250000 1.43016572e+01 0.00000000e+00 
2034.300000 1.34160590e+01 0.00000000e+00 
2034.350000 1.25146888e+01 0.00000000e+00 
2034.400000 1.15984856e+01 0.00000000e+00 
2034.450000 1.06683871e+01 0.00000000e+00 
2034.500000 9.72527384e+00 0.00000000e+00 
2034.550000 8.77014601e+00 0.00000000e+00 
2034.600000 7.80391419e+00 0.00000000e+00 
2034.650000 6.82738508e+00 0.00000000e+00 
2034.700000 5.84141572e+00 0.00000000e+00 
2034.750000 4.84700642e+00 0.00000000e+00 
2034.800000 3.84490604e+00 0.00000000e+00 
2034.850000 2.83602575e+00 0.00000000e+00 
2034.900000 1.82118531e+00 0.00000000e+00 
2034.950000 8.01284786e-01 0.00000000e+00 
2035.000000 -2.22719962e-01 0.00000000e+00 
2035.050000 -1.24983601e+00 0.00000000e+00 
2035.100000 -2.27902588e+00 0.00000000e+00 
2035.150000 -3.30927710e+00 0.00000000e+00 
2035.200000 -4.33940392e+00 0.00000000e+00 
2035.250000 -5.36826933e+00 0.00000000e+00 
2035.300000 -6.39470857e+00 0.00000000e+00 
2035.350000 -7.41762687e+00 0.00000000e+00 
2035.400000 -8.43578529e+00 0.00000000e+00 
2035.450000 -9.44822571e+00 0.00000000e+00 
2035.500000 -1.04537572e+01 0.00000000e+00 
2035.550000 -1.14513422e+01 0.00000000e+00 
2035.600000 -1.24400275e+01 0.00000000e+00 
2035.650000 -1.34188413e+01 0.00000000e+00 
2035.700000 -1.43869507e+01 0.00000000e+00 
2035.750000 -1.53434009e+01 0.00000000e+00 
2035.800000 -1.62872728e+01 0.00000000e+00 
2035.850000 -1.72177967e+01 0.00000000e+00 
2035.900000 -1.81340264e+01 0.00000000e+00 
2035.950000 -1.90351685e+01 0.00000000e+00 
2036.000000 -1.99203196e+01 0.00000000e+00 
2036.050000 -2.07885487e+01 0.00000000e+00 
2036.100000 -2.16389121e+01 0.00000000e+00 
2036.150000 -2.24704518e+01 0.00000000e+00 
2036.200000 -2.32821599e+01 0.00000000e+00 
2036.250000 -2.41606602e+01 0.00000000e+00 
2036.300000 -2.50174921e+01 0.00000000e+00 
2036.350000 -2.58516245e+01 0.00000000e+00 
2036.400000 -2.66621312e+01 0.00000000e+00 
2036.450000 -2.74480445e+01 0.00000000e+00 
2036.500000 -2.82085410e+01 0.00000000e+00 
2036.550000 -2.89427043e+01 0.00000000e+00 
2036.600000 -2.96497442e+01 0.00000000e+00 
2036.650000 -3.03289557e+01 0.00000000e+00 
2036.700000 -3.09795970e+01 0.00000000e+00 
2036.750000 -3.16009764e+01 0.00000000e+00 
2036.800000 -3.21924951e+01 0.00000000e+00 
2036.850000 -3.27535108e+01 0.00000000e+00 
2036.900000 -3.32834305e+01 0.00000000e+00 
2036.950000 -3.37816723e+01 0.00000000e+00 
2037.000000 -3.42476640e+01 0.00000000e+00 
2037.050000 -3.46808337e+01 0.00000000e+00 
2037.100000 -3.50806854e+01 0.00000000e+00 
2037.150000 -3.54466889e+01 0.00000000e+00 
2037.200000 -3.57783271e+01 0.00000000e+00 
2037.250000 -3.60750529e+01 0.00000000e+00 
2037.300000 -3.63363862e+01 0.00000000e+00 
2037.350000 -3.65618905e+01 0.00000000e+00 
2037.400000 -3.67511455e+01 0.00000000e+00 
2037.450000 -3.69038213e+01 0.00000000e+00 
2037.500000 -3.70196184e+01 0.00000000e+00 
2037.550000 -3.70982509e+01 0.00000000e+00 
2037.600000 -3.71394979e+01 0.00000000e+00 
2037.650000 -3.71432387e+01 0.00000000e+00 
2037.700000 -3.71093639e+01 0.00000000e+00 
2037.750000 -3.70379084e+01 0.00000000e+00 
2037.800000 -3.69288938e+01 0.00000000e+00 
2037.850000 -3.67823064e+01 0.00000000e+00 
2037.900000 -3.65982343e+01 0.00000000e+00 
2037.950000 -3.63767755e+01 0.00000000e+00 
2038.000000 -3.61180629e+01 0.00000000e+00 
2038.050000 -3.58221874e+01 0.00000000e+00 
2038.100000 -3.54893953e+01 0.00000000e+00 
2038.150000 -3.51198011e+01 0.00000000e+00 
2038.200000 -3.47135593e+01 0.00000000e+00 
2038.250000 -3.42709090e+01 0.00000000e+00 
2038.300000 -3.37920758e+01 0.00000000e+00 
2038.350000 -3.32772840e+01 0.00000000e+00 
2038.400000 -3.27268257e+01 0.00000000e+00 
2038.450000 -3.21410619e+01 0.00000000e+00 
2038.500000 -3.15204337e+01 0.00000000e+00 
2038.550000 -3.08654080e+01 0.00000000e+00 
2038.600000 -3.01765042e+01 0.00000000e+00 
2038.650000 -2.94542837e+01 0.00000000e+00 
2038.700000 -2.86993368e+01 0.00000000e+00 
2038.750000 -2.79124071e+01 0.00000000e+00 
2038.800000 -2.70942573e+01 0.00000000e+00 
2038.850000 -2.62455996e+01 0.00000000e+00 
2038.900000 -2.53672188e+01 0.00000000e+00 
2038.950000 -2.44599506e+01 0.00000000e+00 
2039.000000 -2.35245400e+01 0.00000000e+00 
2039.050000 -2.25618549e+01 0.00000000e+00 
2039.100000 -2.15727584e+01 0.00000000e+00 
2039.150000 -2.05580410e+01 0.00000000e+00 
2039.200000 -1.95185141e+01 0.00000000e+00 
2039.250000 -1.84550522e+01 0.00000000e+00 
2039.300000 -1.73684602e+01 0.00000000e+00 
2039.350000 -1.62596622e+01 0.00000000e+00 
2039.400000 -1.51296144e+01 0.00000000e+00 
2039.450000 -1.39792095e+01 0.00000000e+00 
2039.500000 -1.28094166e+01 0.00000000e+00 
2039.550000 -1.16213061e+01 0.00000000e+00 
2039.600000 -1.04159727e+01 0.00000000e+00 
2039.650000 -9.19451733e+00 0.00000000e+00 
2039.700000 -7.95817584e+00 0.00000000e+00 
2039.750000 -6.70812699e+00 0.00000000e+00 
2039.800000 -5.44561505e+00 0.00000000e+00 
2039.850000 -4.17185457e+00 0.00000000e+00 
2039.900000 -2.88807881e+00 0.00000000e+00 
2039.950000 -1.59555319e+00 0.00000000e+00 
2040.000000 -2.95521916e-01 0.00000000e+00 
2040.050000 1.01077170e+00 0.00000000e+00 
2040.100000 2.32217527e+00 0.00000000e+00 
2040.150000 3.63749325e+00 0.00000000e+00 
2040.200000 4.95552381e+00 0.00000000e+00 
2040.250000 6.27510865e+00 0.00000000e+00 
2040.300000 7.59510700e+00 0.00000000e+00 
2040.350000 8.91430013e+00 0.00000000e+00 
2040.400000 1.02315056e+01 0.00000000e+00 
2040.450000 1.15455874e+01 0.00000000e+00 
2040.500000 1.28553524e+01 0.00000000e+00 
2040.550000 1.41595175e+01 0.00000000e+00 
2040.600000 1.54568701e+01 0.00000000e+00 
2040.650000 1.67460626e+01 0.00000000e+00 
2040.700000 1.80257787e+01 0.00000000e+00 
2040.750000 1.92948356e+01 0.00000000e+00 
2040.800000 2.05518277e+01 0.00000000e+00 
2040.850000 2.17954895e+01 0.00000000e+00 
2040.900000 2.30244848e+01 0.00000000e+00 
2040.950000 2.42375047e+01 0.00000000e+00 
2041.000000 2.54334042e+01 0.00000000e+00 
2041.050000 2.66109602e+01 0.00000000e+00 
2041.100000 2.77689804e+01 0.00000000e+00 
2041.150000 2.89063964e+01 0.00000000e+00 
2041.200000 3.00221265e+01 0.00000000e+00 
2041.250000 3.11151592e+01 0.00000000e+00 
2041.300000 3.21845051e+01 0.00000000e+00 
2041.350000 3.32291926e+01 0.00000000e+00 
2041.400000 3.42482523e+01 0.00000000e+00 
2041.450000 3.52407234e+01 0.00000000e+00 
2041.500000 3.62056060e+01 0.00000000e+00 
2041.550000 3.71419749e+01 0.00000000e+00 
2041.600000 3.80488376e+01 0.00000000e+00 
2041.650000 3.89252285e+01 0.00000000e+00 
2041.700000 3.97702066e+01 0.00000000e+00 
2041.750000 4.05828117e+01 0.00000000e+00 
2041.800000 4.13620862e+01 0.00000000e+00 
2041.850000 4.21071207e+01 0.00000000e+00 
2041.900000 4.28169927e+01 0.00000000e+00 
2041.950000 4.34909155e+01 0.00000000e+00 
2042.000000 4.41281299e+01 0.00000000e+00 
2042.050000 4.47279039e+01 0.00000000e+00 
2042.100000 4.52895697e+01 0.00000000e+00 
2042.150000 4.58125108e+01 0.00000000e+00 
2042.200000 4.62962874e+01 0.00000000e+00 
2042.250000 4.67404229e+01 0.00000000e+00 
2042.300000 4.71445472e+01 0.00000000e+00 
2042.350000 4.75082866e+01 0.00000000e+00 
2042.400000 4.78313435e+01 0.00000000e+00 
2042.450000 4.81133406e+01 0.00000000e+00 
2042.500000 4.83539495e+01 0.00000000e+00 
2042.550000 4.85529350e+01 0.00000000e+00 
2042.600000 4.87099942e+01 0.00000000e+00 
2042.650000 4.88248497e+01 0.00000000e+00 
2042.700000 4.88971559e+01 0.00000000e+00 
2042.750000 4.89266631e+01 0.00000000e+00 
2042.800000 4.89131301e+01 0.00000000e+00 
2042.850000 4.88564690e+01 0.00000000e+00 
2042.900000 4.87565052e+01 0.00000000e+00 
2042.950000 4.86132265e+01 0.00000000e+00 
2043.000000 4.84264329e+01 0.00000000e+00 
2043.050000 4.81963703e+01 0.00000000e+00 
2043.100000 4.79230478e+01 0.00000000e+00 
2043.150000 4.76066888e+01 0.00000000e+00 
2043.200000 4.72476777e+01 0.00000000e+00 
2043.250000 4.68462599e+01 0.00000000e+00 
2043.300000 4.64028348e+01 0.00000000e+00 
2043.350000 4.59178578e+01 0.00000000e+00 
2043.400000 4.53918200e+01 0.00000000e+00 
2043.450000 4.48253064e+01 0.00000000e+00 
2043.500000 4.42188362e+01 0.00000000e+00 
2043.550000 4.35728205e+01 0.00000000e+00 
2043.600000 4.28877235e+01 0.00000000e+00 
2043.650000 4.21641905e+01 0.00000000e+00 
2043.700000 4.14026077e+01 0.00000000e+00 
2043.750000 4.06034956e+01 0.00000000e+00 
2043.800000 3.97674559e+01 0.00000000e+00 
2043.850000 3.88950095e+01 0.00000000e+00 
2043.900000 3.79867539e+01 0.00000000e+00 
2043.950000 3.70434584e+01 0.00000000e+00 
2044.000000 3.60657778e+01 0.00000000e+00 
2044.050000 3.50545526e+01 0.00000000e+00 
2044.100000 3.40106266e+01 0.00000000e+00 
2044.150000 3.29349909e+01 0.00000000e+00 
2044.200000 3.18286746e+01 0.00000000e+00 
2044.250000 3.06927094e+01 0.00000000e+00 
2044.300000 2.95282780e+01 0.00000000e+00 
2044.350000 2.83364949e+01 0.00000000e+00 
2044.400000 2.71184960e+01 0.00000000e+00 
2044.450000 2.58754404e+01 0.00000000e+00 
2044.500000 2.46084777e+01 0.00000000e+00 
2044.550000 2.33187280e+01 0.00000000e+00 
2044.600000 2.20074722e+01 0.00000000e+00 
2044.650000 2.06757144e+01 0.00000000e+00 
2044.700000 1.93245083e+01 0.00000000e+00 
2044.750000 1.79550230e+01 0.00000000e+00 
2044.800000 1.65683305e+01 0.00000000e+00 
2044.850000 1.51654351e+01 0.00000000e+00 
2044.900000 1.37474259e+01 0.00000000e+00 
2044.950000 1.23155158e+01 0.00000000e+00 
2045.000000 1.08709685e+01 0.00000000e+00 
2045.050000 9.41494188e+00 0.00000000e+00 
2045.100000 7.94877781e+00 0.00000000e+00 
2045.150000 6.47386467e+00 0.00000000e+00 
2045.200000 4.99165792e+00 0.00000000e+00 
2045.250000 3.50357286e+00 0.00000000e+00 
2045.300000 2.01104147e+00 0.00000000e+00 
2045.350000 5.15644671e-01 0.00000000e+00 
2045.400000 -9.81213567e-01 0.00000000e+00 
2045.450000 -2.47802839e+00 0.00000000e+00 
2045.500000 -3.97335934e+00 0.00000000e+00 
2045.550000 -5.46585729e+00 0.00000000e+00 
2045.600000 -6.95415884e+00 0.00000000e+00 
2045.650000 -8.43713412e+00 0.00000000e+00 
2045.700000 -9.91351407e+00 0.00000000e+00 
2045.750000 -1.13821569e+01 0.00000000e+00 
2045.800000 -1.28419523e+01 0.00000000e+00 
2045.850000 -1.42917342e+01 0.00000000e+00 
2045.900000 -1.57304914e+01 0.00000000e+00 
2045.950000 -1.71569791e+01 0.00000000e+00 
2046.000000 -1.85700733e+01 0.00000000e+00 
2046.050000 -1.99685122e+01 0.00000000e+00 
2046.100000 -2.13511541e+01 0.00000000e+00 
2046.150000 -2.27166300e+01 0.00000000e+00 
2046.200000 -2.40635921e+01 0.00000000e+00 
2046.250000 -2.53907265e+01 0.00000000e+00 
2046.300000 -2.66966670e+01 0.00000000e+00 
2046.350000 -2.79800483e+01 0.00000000e+00 
2046.400000 -2.92395695e+01 0.00000000e+00 
2046.450000 -3.04740621e+01 0.00000000e+00 
2046.500000 -3.16823997e+01 0.00000000e+00 
2046.550000 -3.28633705e+01 0.00000000e+00 
2046.600000 -3.40160610e+01 0.00000000e+00 
2046.650000 -3.51395856e+01 0.00000000e+00 
2046.700000 -3.62332027e+01 0.00000000e+00 
2046.750000 -3.72962357e+01 0.00000000e+00 
2046.800000 -3.83278379e+01 0.00000000e+00 
2046.850000 -3.93275334e+01 0.00000000e+00 
2046.900000 -4.02946924e+01 0.00000000e+00 
2046.950000 -4.12285520e+01 0.00000000e+00 
2047.000000 -4.21285322e+01 0.00000000e+00 
2047.050000 -4.29940599e+01 0.00000000e+00 
2047.100000 -4.38243250e+01 0.00000000e+00 
2047.150000 -4.46184489e+01 0.00000000e+00 
2047.200000 -4.53758168e+01 0.00000000e+00 
2047.250000 -4.60955730e+01 0.00000000e+00 
2047.300000 -4.67770160e+01 0.00000000e+00 
2047.350000 -4.74194377e+01 0.00000000e+00 
2047.400000 -4.80222314e+01 0.00000000e+00 
2047.450000 -4.85846828e+01 0.00000000e+00 
2047.500000 -4.91061581e+01 0.00000000e+00 
2047.550000 -4.95864188e+01 0.00000000e+00 
2047.600000 -5.00253582e+01 0.00000000e+00 
2047.650000 -5.04226867e+01 0.00000000e+00 
2047.700000 -5.07783014e+01 0.00000000e+00 
2047.750000 -5.10922400e+01 0.00000000e+00 
2047.800000 -5.13646756e+01 0.00000000e+00 
2047.850000 -5.15958122e+01 0.00000000e+00 
2047.900000 -5.17859152e+01 0.00000000e+00 
2047.950000 -5.19349998e+01 0.00000000e+00 
2048.000000 -5.20434472e+01 0.00000000e+00 
2048.050000 -5.21114309e+01 0.00000000e+00 
2048.100000 -5.21390566e+01 0.00000000e+00 
2048.150000 -5.21263733e+01 0.00000000e+00 
2048.200000 -5.20734129e+01 0.00000000e+00 
2048.250000 -5.19803382e+01 0.00000000e+00 
2048.300000 -5.18469950e+01 0.00000000e+00 
2048.350000 -5.16736240e+01 0.00000000e+00 
2048.400000 -5.14600256e+01 0.00000000e+00 
2048.450000 -5.12066340e+01 0.00000000e+00 
2048.500000 -5.09138521e+01 0.00000000e+00 
2048.550000 -5.05818558e+01 0.00000000e+00 
2048.600000 -5.02112896e+01 0.00000000e+00 
2048.650000 -4.98026069e+01 0.00000000e+00 
2048.700000 -4.93567923e+01 0.00000000e+00 
2048.750000 -4.88747735e+01 0.00000000e+00 
2048.800000 -4.83576679e+01 0.00000000e+00 
2048.850000 -4.78063977e+01 0.00000000e+00 
2048.900000 -4.72219728e+01 0.00000000e+00 
2048.950000 -4.66056122e+01 0.00000000e+00 
2049.000000 -4.59587286e+01 0.00000000e+00 
2049.050000 -4.52821363e+01 0.00000000e+00 
2049.100000 -4.45767323e+01 0.00000000e+00 
2049.150000 -4.38436560e+01 0.00000000e+00 
2049.200000 -4.30836359e+01 0.00000000e+00 
2049.250000 -4.22969564e+01 0.00000000e+00 
2049.300000 -4.14843147e+01 0.00000000e+00 
2049.350000 -4.06463152e+01 0.00000000e+00 
2049.400000 -3.97835434e+01 0.00000000e+00 
2049.450000 -3.88968563e+01 0.00000000e+00 
2049.500000 -3.79871786e+01 0.00000000e+00 
2049.550000 -3.70552955e+01 0.00000000e+00 
2049.600000 -3.61020688e+01 0.00000000e+00 
2049.650000 -3.51289731e+01 0.00000000e+00 
2049.700000 -3.41377073e+01 0.00000000e+00 
2049.750000 -3.31292508e+01 0.00000000e+00 
2049.800000 -3.21058173e+01 0.00000000e+00 
2049.850000 -3.10691387e+01 0.00000000e+00 
2049.900000 -3.00215113e+01 0.00000000e+00 
2049.950000 -2.89648415e+01 0.00000000e+00 
2050.000000 -2.79007961e+01 0.00000000e+00 
2050.050000 -2.68311560e+01 0.00000000e+00 
2050.100000 -2.57573265e+01 0.00000000e+00 
2050.150000 -2.46811946e+01 0.00000000e+00 
2050.200000 -2.36034632e+01 0.00000000e+00 
2050.250000 -2.25248178e+01 0.00000000e+00 
2050.300000 -2.14454342e+01 0.00000000e+00 
2050.350000 -2.03666119e+01 0.00000000e+00 
2050.400000 -1.92872892e+01 0.00000000e+00 
2050.450000 -1.82094142e+01 0.00000000e+00 
2050.500000 -1.71317808e+01 0.00000000e+00 
2050.550000 -1.60554267e+01 0.00000000e+00 
2050.600000 -1.49815947e+01 0.00000000e+00 
2050.650000 -1.39105472e+01 0.00000000e+00 
2050.700000 -1.28449568e+01 0.00000000e+00 
2050.750000 -1.17854308e+01 0.00000000e+00 
2050.800000 -1.07326442e+01 0.00000000e+00 
2050.850000 -9.69021083e+00 0.00000000e+00 
2050.900000 -8.65958358e+00 0.00000000e+00 
2050.950000 -7.64483487e+00 0.00000000e+00 
2051.000000 -6.64757626e+00 0.00000000e+00 
2051.050000 -5.67041557e+00 0.00000000e+00 
2051.100000 -4.71708786e+00 0.00000000e+00 
2051.150000 -3.79101849e+00 0.00000000e+00 
