2000.000000 -5.67318219e+00 0.00000000e+00 
2000.050000 -5.37726658e+00 0.00000000e+00 
2000.100000 -5.06765079e+00 0.00000000e+00 
2000.150000 -4.74954882e+00 0.00000000e+00 
2000.200000 -4.41690027e+00 0.00000000e+00 
2000.250000 -4.07423635e+00 0.00000000e+00 
2000.300000 -3.71881957e+00 0.00000000e+00 
2000.350000 -3.35177320e+00 0.00000000e+00 
2000.400000 -2.96943930e+00 0.00000000e+00 
2000.450000 -2.57350167e+00 0.00000000e+00 
2000.500000 -2.16803755e+00 0.00000000e+00 
2000.550000 -1.75638043e+00 0.00000000e+00 
2000.600000 -1.34114224e+00 0.00000000e+00 
2000.650000 -9.23212199e-01 0.00000000e+00 
2000.700000 -5.07061660e-01 0.00000000e+00 
2000.750000 -9.34949749e-02 0.00000000e+00 
2000.800000 3.16077708e-01 0.00000000e+00 
2000.850000 7.18410617e-01 0.00000000e+00 
2000.900000 1.11469132e+00 0.00000000e+00 
2000.950000 1.50318660e+00 0.00000000e+00 
2001.000000 1.88463896e+00 0.00000000e+00 
2001.050000 2.25776072e+00 0.00000000e+00 
2001.100000 2.62420700e+00 0.00000000e+00 
2001.150000 2.98412309e+00 0.00000000e+00 
2001.200000 3.34022883e+00 0.00000000e+00 
2001.250000 3.69151648e+00 0.00000000e+00 
2001.300000 4.03879513e+00 0.00000000e+00 
2001.350000 4.38302131e+00 0.00000000e+00 
2001.400000 4.72472997e+00 0.00000000e+00 
2001.450000 5.06435684e+00 0.00000000e+00 
2001.500000 5.40100796e+00 0.00000000e+00 
2001.550000 5.73371170e+00 0.00000000e+00 
2001.600000 6.06281376e+00 0.00000000e+00 
2001.650000 6.38641418e+00 0.00000000e+00 
2001.700000 6.70353984e+00 0.00000000e+00 
2001.750000 7.01259043e+00 0.00000000e+00 
2001.800000 7.31201941e+00 0.00000000e+00 
2001.850000 7.60073558e+00 0.00000000e+00 
2001.900000 7.87772819e+00 0.00000000e+00 
2001.950000 8.14244202e+00 0.00000000e+00 
2002.000000 8.39375584e+00 0.00000000e+00 
2002.050000 8.63218255e+00 0.00000000e+00 
2002.100000 8.85776429e+00 0.00000000e+00 
2002.150000 9.07055044e+00 0.00000000e+00 
2002.200000 9.27065103e+00 0.00000000e+00 
2002.250000 9.45837210e+00 0.00000000e+00 
2002.300000 9.63419807e+00 0.00000000e+00 
2002.350000 9.79910408e+00 0.00000000e+00 
2002.400000 9.95386462e+00 0.00000000e+00 
2002.450000 1.00982595e+01 0.00000000e+00 
2002.500000 1.02324475e+01 0.00000000e+00 
2002.550000 1.03562298e+01 0.00000000e+00 
2002.600000 1.04689485e+01 0.00000000e+00 
2002.650000 1.05695106e+01 0.00000000e+00 
2002.700000 1.06576524e+01 0.00000000e+00 
2002.750000 1.07326237e+01 0.00000000e+00 
2002.800000 1.07934153e+01 0.00000000e+00 
2002.850000 1.08393943e+01 0.00000000e+00 
2002.900000 1.08702761e+01 0.00000000e+00 
2002.950000 1.08854056e+01 0.00000000e+00 
2003.000000 1.08846934e+01 0.00000000e+00 
2003.050000 1.08680293e+01 0.00000000e+00 
2003.100000 1.08356221e+01 0.00000000e+00 
2003.150000 1.07878486e+01 0.00000000e+00 
2003.200000 1.07247508e+01 0.00000000e+00 
2003.250000 1.06473782e+01 0.00000000e+00 
2003.300000 1.05561508e+01 0.00000000e+00 
2003.350000 1.04517967e+01 0.00000000e+00 
2003.400000 1.03345021e+01 0.00000000e+00 
2003.450000 1.02047329e+01 0.00000000e+00 
2003.500000 1.00623349e+01 0.00000000e+00 
2003.550000 9.90713183e+00 0.00000000e+00 
2003.600000 9.73936506e+00 0.00000000e+00 
2003.650000 9.55889020e+00 0.00000000e+00 
2003.700000 9.36555808e+00 0.00000000e+00 
2003.750000 9.15909814e+00 0.00000000e+00 
2003.800000 8.93933056e+00 0.00000000e+00 
2003.850000 8.70608942e+00 0.00000000e+00 
2003.900000 8.45906201e+00 0.00000000e+00 
2003.950000 8.19826558e+00 0.00000000e+00 
2004.000000 7.92364469e+00 0.00000000e+00 
2004.050000 7.63569297e+00 0.00000000e+00 
2004.100000 7.33466391e+00 0.00000000e+00 
2004.150000 7.02129125e+00 0.00000000e+00 
2004.200000 6.69613000e+00 0.00000000e+00 
2004.250000 6.35980539e+00 0.00000000e+00 
2004.300000 6.01280620e+00 0.00000000e+00 
2004.350000 5.65597430e+00 0.00000000e+00 
2004.400000 5.28977814e+00 0.00000000e+00 
2004.450000 4.91498415e+00 0.00000000e+00 
2004.500000 4.53185859e+00 0.00000000e+00 
2004.550000 4.14085463e+00 0.00000000e+00 
2004.600000 3.74240226e+00 0.00000000e+00 
2004.650000 3.33640810e+00 0.00000000e+00 
2004.700000 2.92307619e+00 0.00000000e+00 
2004.750000 2.50270037e+00 0.00000000e+00 
2004.800000 2.07512615e+00 0.00000000e+00 
2004.850000 1.64076222e+00 0.00000000e+00 
2004.900000 1.19959656e+00 0.00000000e+00 
2004.950000 7.51822217e-01 0.00000000e+00 
2005.000000 2.97799718e-01 0.00000000e+00 
2005.050000 -1.61808930e-01 0.00000000e+00 
2005.100000 -6.26652729e-01 0.00000000e+00 
2005.150000 -1.09616998e+00 0.00000000e+00 
2005.200000 -1.56915945e+00 0.00000000e+00 
2005.250000 -2.04491271e+00 0.00000000e+00 
2005.300000 -2.52283229e+00 0.00000000e+00 
2005.350000 -3.00191576e+00 0.00000000e+00 
2005.400000 -3.48139799e+00 0.00000000e+00 
2005.450000 -3.96082827e+00 0.00000000e+00 
2005.500000 -4.43959731e+00 0.00000000e+00 
2005.550000 -4.91670621e+00 0.00000000e+00 
2005.600000 -5.39181163e+00 0.00000000e+00 
2005.650000 -5.86477618e+00 0.00000000e+00 
2005.700000 -6.33519118e+00 0.00000000e+00 
2005.750000 -6.80295182e+00 0.00000000e+00 
2005.800000 -7.26762955e+00 0.00000000e+00 
2005.850000 -7.72913112e+00 0.00000000e+00 
2005.900000 -8.18694884e+00 0.00000000e+00 
2005.950000 -8.64096297e+00 0.00000000e+00 
2006.000000 -9.09072845e+00 0.00000000e+00 
2006.050000 -9.53572282e+00 0.00000000e+00 
2006.100000 -9.97510108e+00 0.00000000e+00 
2006.150000 -1.04083342e+01 0.00000000e+00 
2006.200000 -1.08347411e+01 0.00000000e+00 
2006.250000 -1.12534123e+01 0.00000000e+00 
2006.300000 -1.16637983e+01 0.00000000e+00 
2006.350000 -1.20650321e+01 0.00000000e+00 
2006.400000 -1.24564237e+01 0.00000000e+00 
2006.450000 -1.28372538e+01 0.00000000e+00 
2006.500000 -1.32070128e+01 0.00000000e+00 
2006.550000 -1.35650136e+01 0.00000000e+00 
2006.600000 -1.39108153e+01 0.00000000e+00 
2006.650000 -1.42443170e+01 0.00000000e+00 
2006.700000 -1.45650735e+01 0.00000000e+00 
2006.750000 -1.48731132e+01 0.00000000e+00 
2006.800000 -1.51683144e+01 0.00000000e+00 
2006.850000 -1.54505589e+01 0.00000000e+00 
2006.900000 -1.57197310e+01 0.00000000e+00 
2006.950000 -1.59753030e+01 0.00000000e+00 
2007.000000 -1.62171210e+01 0.00000000e+00 
2007.050000 -1.64448740e+01 0.00000000e+00 
2007.100000 -1.66582500e+01 0.00000000e+00 
2007.150000 -1.68566944e+01 0.00000000e+00 
2007.200000 -1.70397287e+01 0.00000000e+00 
2007.250000 -1.72068858e+01 0.00000000e+00 
2007.300000 -1.73574661e+01 0.00000000e+00 
2007.350000 -1.74910195e+01 0.00000000e+00 
2007.400000 -1.76069311e+01 0.00000000e+00 
2007.450000 -1.77049668e+01 0.00000000e+00 
2007.500000 -1.77847325e+01 0.00000000e+00 
2007.550000 -1.78460648e+01 0.00000000e+00 
2007.600000 -1.78887245e+01 0.00000000e+00 
2007.650000 -1.79127515e+01 0.00000000e+00 
2007.700000 -1.79181035e+01 0.00000000e+00 
2007.750000 -1.79049229e+01 0.00000000e+00 
2007.800000 -1.78733970e+01 0.00000000e+00 
2007.850000 -1.78236743e+01 0.00000000e+00 
2007.900000 -1.77557565e+01 0.00000000e+00 
2007.950000 -1.76697398e+01 0.00000000e+00 
2008.000000 -1.75657470e+01 0.00000000e+00 
2008.050000 -1.74436121e+01 0.00000000e+00 
2008.100000 -1.73035857e+01 0.00000000e+00 
2008.150000 -1.71454479e+01 0.00000000e+00 
2008.200000 -1.69689703e+01 0.00000000e+00 
2008.250000 -1.67741374e+01 0.00000000e+00 
2008.300000 -1.65608645e+01 0.00000000e+00 
2008.350000 -1.63289033e+01 0.00000000e+00 
2008.400000 -1.60782086e+01 0.00000000e+00 
2008.450000 -1.58086249e+01 0.00000000e+00 
2008.500000 -1.55202904e+01 0.00000000e+00 
2008.550000 -1.52134577e+01 0.00000000e+00 
2008.600000 -1.48884407e+01 0.00000000e+00 
2008.650000 -1.45455990e+01 0.00000000e+00 
2008.700000 -1.41851545e+01 0.00000000e+00 
2008.750000 -1.38077185e+01 0.00000000e+00 
2008.800000 -1.34137400e+01 0.00000000e+00 
2008.850000 -1.30036477e+01 0.00000000e+00 
2008.900000 -1.25779667e+01 0.00000000e+00 
2008.950000 -1.21372510e+01 0.00000000e+00 
2009.000000 -1.16817119e+01 0.00000000e+00 
2009.050000 -1.12117929e+01 0.00000000e+00 
2009.100000 -1.07278856e+01 0.00000000e+00 
2009.150000 -1.02303510e+01 0.00000000e+00 
2009.200000 -9.71932418e+00 0.00000000e+00 
2009.250000 -9.19537653e+00 0.00000000e+00 
2009.300000 -8.65851309e+00 0.00000000e+00 
2009.350000 -8.10902666e+00 0.00000000e+00 
2009.400000 -7.54743410e+00 0.00000000e+00 
2009.450000 -6.97404383e+00 0.00000000e+00 
2009.500000 -6.38925959e+00 0.00000000e+00 
2009.550000 -5.79361243e+00 0.00000000e+00 
2009.600000 -5.18770128e+00 0.00000000e+00 
2009.650000 -4.57212409e+00 0.00000000e+00 
2009.700000 -3.94766031e+00 0.00000000e+00 
2009.750000 -3.31506257e+00 0.00000000e+00 
2009.800000 -2.67505405e+00 0.00000000e+00 
2009.850000 -2.02845090e+00 0.00000000e+00 
2009.900000 -1.37598557e+00 0.00000000e+00 
2009.950000 -7.18487823e-01 0.00000000e+00 
2010.000000 -5.65654943e-02 0.00000000e+00 
2010.050000 6.09042718e-01 0.00000000e+00 
2010.100000 1.27773327e+00 0.00000000e+00 
2010.150000 1.94894691e+00 0.00000000e+00 
2010.200000 2.62217821e+00 0.00000000e+00 
2010.250000 3.29687627e+00 0.00000000e+00 
2010.300000 3.97246262e+00 0.00000000e+00 
2010.350000 4.64842634e+00 0.00000000e+00 
2010.400000 5.32418862e+00 0.00000000e+00 
2010.450000 5.99923423e+00 0.00000000e+00 
2010.500000 6.67292072e+00 0.00000000e+00 
2010.550000 7.34458649e+00 0.00000000e+00 
2010.600000 8.01342190e+00 0.00000000e+00 
2010.650000 8.67869184e+00 0.00000000e+00 
2010.700000 9.33952016e+00 0.00000000e+00 
2010.750000 9.99522979e+00 0.00000000e+00 
2010.800000 1.06447905e+01 0.00000000e+00 
2010.850000 1.12874333e+01 0.00000000e+00 
2010.900000 1.19223344e+01 0.00000000e+00 
2010.950000 1.25485593e+01 0.00000000e+00 
2011.000000 1.31654951e+01 0.00000000e+00 
2011.050000 1.37724160e+01 0.00000000e+00 
2011.100000 1.43686510e+01 0.00000000e+00 
2011.150000 1.49536558e+01 0.00000000e+00 
2011.200000 1.55268477e+01 0.00000000e+00 
2011.250000 1.60876123e+01 0.00000000e+00 
2011.300000 1.66354928e+01 0.00000000e+00 
2011.350000 1.71700377e+01 0.00000000e+00 
2011.400000 1.76907443e+01 0.00000000e+00 
2011.450000 1.81971631e+01 0.00000000e+00 
2011.500000 1.86887682e+01 0.00000000e+00 
2011.550000 1.91650132e+01 0.00000000e+00 
2011.600000 1.96252698e+01 0.00000000e+00 
2011.650000 2.00689008e+01 0.00000000e+00 
2011.700000 2.04952691e+01 0.00000000e+00 
2011.750000 2.09036526e+01 0.00000000e+00 
2011.800000 2.12934539e+01 0.00000000e+00 
2011.850000 2.16639850e+01 0.00000000e+00 
2011.900000 2.20146593e+01 0.00000000e+00 
2011.950000 2.23449473e+01 0.00000000e+00 
2012.000000 2.26542631e+01 0.00000000e+00 
2012.050000 2.29421713e+01 0.00000000e+00 
2012.100000 2.32082670e+01 0.00000000e+00 
2012.150000 2.34521723e+01 0.00000000e+00 
2012.200000 2.36736549e+01 0.00000000e+00 
2012.250000 2.38725970e+01 0.00000000e+00 
2012.300000 2.40487648e+01 0.00000000e+00 
2012.350000 2.42019782e+01 0.00000000e+00 
2012.400000 2.43321163e+01 0.00000000e+00 
2012.450000 2.44390147e+01 0.00000000e+00 
2012.500000 2.45224730e+01 0.00000000e+00 
2012.550000 2.45823541e+01 0.00000000e+00 
2012.600000 2.46184499e+01 0.00000000e+00 
2012.650000 2.46305192e+01 0.00000000e+00 
2012.700000 2.46183150e+01 0.00000000e+00 
2012.750000 2.45814586e+01 0.00000000e+00 
2012.800000 2.45198053e+01 0.00000000e+00 
2012.850000 2.44332319e+01 0.00000000e+00 
2012.900000 2.43216018e+01 0.00000000e+00 
2012.950000 2.41847688e+01 0.00000000e+00 
2013.000000 2.40226034e+01 0.00000000e+00 
2013.050000 2.38352136e+01 0.00000000e+00 
2013.100000 2.36226249e+01 0.00000000e+00 
2013.150000 2.33849942e+01 0.00000000e+00 
2013.200000 2.31225907e+01 0.00000000e+00 
2013.250000 2.28355810e+01 0.00000000e+00 
2013.300000 2.25242786e+01 0.00000000e+00 
2013.350000 2.21889903e+01 0.00000000e+00 
2013.400000 2.18300705e+01 0.00000000e+00 
2013.450000 2.14479370e+01 0.00000000e+00 
2013.500000 2.10429744e+01 0.00000000e+00 
2013.550000 2.06153422e+01 0.00000000e+00 
2013.600000 2.01653858e+01 0.00000000e+00 
2013.650000 1.96935016e+01 0.00000000e+00 
2013.700000 1.91998920e+01 0.00000000e+00 
2013.750000 1.86847792e+01 0.00000000e+00 
2013.800000 1.81484735e+01 0.00000000e+00 
2013.850000 1.75912321e+01 0.00000000e+00 
2013.900000 1.70134317e+01 0.00000000e+00 
2013.950000 1.64154674e+01 0.00000000e+00 
2014.000000 1.57977685e+01 0.00000000e+00 
2014.050000 1.51608388e+01 0.00000000e+00 
2014.100000 1.45051686e+01 0.00000000e+00 
2014.150000 1.38314892e+01 0.00000000e+00 
2014.200000 1.31404975e+01 0.00000000e+00 
2014.250000 1.24328191e+01 0.00000000e+00 
2014.300000 1.17092653e+01 0.00000000e+00 
2014.350000 1.09706362e+01 0.00000000e+00 
2014.400000 1.02176806e+01 0.00000000e+00 
2014.450000 9.45114852e+00 0.00000000e+00 
2014.500000 8.67181057e+00 0.00000000e+00 
2014.550000 7.88048881e+00 0.00000000e+00 
2014.600000 7.07790287e+00 0.00000000e+00 
2014.650000 6.26473958e+00 0.00000000e+00 
2014.700000 5.44158403e+00 0.00000000e+00 
2014.750000 4.60923926e+00 0.00000000e+00 
2014.800000 3.76833260e+00 0.00000000e+00 
2014.850000 2.91948668e+00 0.00000000e+00 
2014.900000 2.06343913e+00 0.00000000e+00 
2014.950000 1.20103533e+00 0.00000000e+00 
2015.000000 3.33128507e-01 0.00000000e+00 
2015.050000 -5.41888161e-01 0.00000000e+00 
2015.100000 -1.42294248e+00 0.00000000e+00 
2015.150000 -2.30900046e+00 0.00000000e+00 
2015.200000 -3.19893586e+00 0.00000000e+00 
2015.250000 -4.09180408e+00 0.00000000e+00 
2015.300000 -4.98637906e+00 0.00000000e+00 
2015.350000 -5.88134845e+00 0.00000000e+00 
2015.400000 -6.77531704e+00 0.00000000e+00 
2015.450000 -7.66715180e+00 0.00000000e+00 
2015.500000 -8.55584064e+00 0.00000000e+00 
2015.550000 -9.44057146e+00 0.00000000e+00 
2015.600000 -1.03204454e+01 0.00000000e+00 
2015.650000 -1.11945823e+01 0.00000000e+00 
2015.700000 -1.20625468e+01 0.00000000e+00 
2015.750000 -1.29235492e+01 0.00000000e+00 
2015.800000 -1.37768746e+01 0.00000000e+00 
2015.850000 -1.46221302e+01 0.00000000e+00 
2015.900000 -1.54582744e+01 0.00000000e+00 
2015.950000 -1.62847441e+01 0.00000000e+00 
2016.000000 -1.71006338e+01 0.00000000e+00 
2016.050000 -1.79052891e+01 0.00000000e+00 
2016.100000 -1.86976282e+01 0.00000000e+00 
2016.150000 -1.94767024e+01 0.00000000e+00 
2016.200000 -2.02410838e+01 0.00000000e+00 
2016.250000 -2.09899051e+01 0.00000000e+00 
2016.300000 -2.17221230e+01 0.00000000e+00 
2016.350000 -2.24364955e+01 0.00000000e+00 
2016.400000 -2.31318666e+01 0.00000000e+00 
2016.450000 -2.38070457e+01 0.00000000e+00 
2016.500000 -2.44612508e+01 0.00000000e+00 
2016.550000 -2.50936381e+01 0.00000000e+00 
2016.600000 -2.57032712e+01 0.00000000e+00 
2016.650000 -2.62897300e+01 0.00000000e+00 
2016.700000 -2.68524588e+01 0.00000000e+00 
2016.750000 -2.73910189e+01 0.00000000e+00 
2016.800000 -2.79051387e+01 0.00000000e+00 
2016.850000 -2.83944171e+01 0.00000000e+00 
2016.900000 -2.88585686e+01 0.00000000e+00 
2016.950000 -2.92970550e+01 0.00000000e+00 
2017.000000 -2.97096367e+01 0.00000000e+00 
2017.050000 -3.00956748e+01 0.00000000e+00 
2017.100000 -3.04544615e+01 0.00000000e+00 
2017.150000 -3.07853552e+01 0.00000000e+00 
2017.200000 -3.10878196e+01 0.00000000e+00 
2017.250000 -3.13611054e+01 0.00000000e+00 
2017.300000 -3.16044573e+01 0.00000000e+00 
2017.350000 -3.18169973e+01 0.00000000e+00 
2017.400000 -3.19979415e+01 0.00000000e+00 
2017.450000 -3.21467688e+01 0.00000000e+00 
2017.500000 -3.22628422e+01 0.00000000e+00 
2017.550000 -3.23458383e+01 0.00000000e+00 
2017.600000 -3.23957263e+01 0.00000000e+00 
2017.650000 -3.24125438e+01 0.00000000e+00 
2017.700000 -3.23961439e+01 0.00000000e+00 
2017.750000 -3.23466514e+01 0.00000000e+00 
2017.800000 -3.22643739e+01 0.00000000e+00 
2017.850000 -3.21494302e+01 0.00000000e+00 
2017.900000 -3.20019050e+01 0.00000000e+00 
2017.950000 -3.18220389e+01 0.00000000e+00 
2018.000000 -3.16100001e+01 0.00000000e+00 
2018.050000 -3.13658671e+01 0.00000000e+00 
2018.100000 -3.10895833e+01 0.00000000e+00 
2018.150000 -3.07811201e+01 0.00000000e+00 
2018.200000 -3.04405323e+01 0.00000000e+00 
2018.250000 -3.00675679e+01 0.00000000e+00 
2018.300000 -2.96621151e+01 0.00000000e+00 
2018.350000 -2.92240660e+01 0.00000000e+00 
2018.400000 -2.87534964e+01 0.00000000e+00 
2018.450000 -2.82504738e+01 0.00000000e+00 
2018.500000 -2.77154463e+01 0.00000000e+00 
2018.550000 -2.71487802e+01 0.00000000e+00 
2018.600000 -2.65508797e+01 0.00000000e+00 
2018.650000 -2.59222274e+01 0.00000000e+00 
2018.700000 -2.52635736e+01 0.00000000e+00 
2018.750000 -2.45755777e+01 0.00000000e+00 
2018.800000 -2.38591051e+01 0.00000000e+00 
2018.850000 -2.31149373e+01 0.00000000e+00 
2018.900000 -2.23440523e+01 0.00000000e+00 
2018.950000 -2.15471727e+01 0.00000000e+00 
2019.000000 -2.07253260e+01 0.00000000e+00 
2019.050000 -1.98790291e+01 0.00000000e+00 
2019.100000 -1.90090000e+01 0.00000000e+00 
2019.150000 -1.81158837e+01 0.00000000e+00 
2019.200000 -1.72002007e+01 0.00000000e+00 
2019.250000 -1.62625881e+01 0.00000000e+00 
2019.300000 -1.53036636e+01 0.00000000e+00 
2019.350000 -1.43239136e+01 0.00000000e+00 
2019.400000 -1.33240762e+01 0.00000000e+00 
2019.450000 -1.23047467e+01 0.00000000e+00 
2019.500000 -1.12669506e+01 0.00000000e+00 
2019.550000 -1.02114061e+01 0.00000000e+00 
2019.600000 -9.13912303e+00 0.00000000e+00 
2019.650000 -8.05150488e+00 0.00000000e+00 
2019.700000 -6.94970439e+00 0.00000000e+00 
2019.750000 -5.83474052e+00 0.00000000e+00 
2019.800000 -4.70822791e+00 0.00000000e+00 
2019.850000 -3.57129997e+00 0.00000000e+00 
2019.900000 -2.42548626e+00 0.00000000e+00 
2019.950000 -1.27216965e+00 0.00000000e+00 
2020.000000 -1.12648984e-01 0.00000000e+00 
2020.050000 1.05201629e+00 0.00000000e+00 
2020.100000 2.22059373e+00 0.00000000e+00 
2020.150000 3.39195615e+00 0.00000000e+00 
2020.200000 4.56551685e+00 0.00000000e+00 
2020.250000 5.74031570e+00 0.00000000e+00 
2020.300000 6.91529968e+00 0.00000000e+00 
2020.350000 8.08969209e+00 0.00000000e+00 
2020.400000 9.26261745e+00 0.00000000e+00 
2020.450000 1.04327997e+01 0.00000000e+00 
2020.500000 1.15992246e+01 0.00000000e+00 
2020.550000 1.27610950e+01 0.00000000e+00 
2020.600000 1.39170454e+01 0.00000000e+00 
2020.650000 1.50655929e+01 0.00000000e+00 
2020.700000 1.62052989e+01 0.00000000e+00 
2020.750000 1.73346623e+01 0.00000000e+00 
2020.800000 1.84523553e+01 0.00000000e+00 
2020.850000 1.95566842e+01 0.00000000e+00 
2020.900000 2.06464951e+01 0.00000000e+00 
2020.950000 2.17201368e+01 0.00000000e+00 
2021.000000 2.27763092e+01 0.00000000e+00 
2021.050000 2.38138675e+01 0.00000000e+00 
2021.100000 2.48319167e+01 0.00000000e+00 
2021.150000 2.58293816e+01 0.00000000e+00 
2021.200000 2.68054004e+01 0.00000000e+00 
2021.250000 2.77592068e+01 0.00000000e+00 
2021.300000 2.86897361e+01 0.00000000e+00 
2021.350000 2.95964371e+01 0.00000000e+00 
2021.400000 3.04784565e+01 0.00000000e+00 
2021.450000 3.13351577e+01 0.00000000e+00 
2021.500000 3.21654736e+01 0.00000000e+00 
2021.550000 3.29688103e+01 0.00000000e+00 
2021.600000 3.37441707e+01 0.00000000e+00 
2021.650000 3.44902329e+01 0.00000000e+00 
2021.700000 3.52060828e+01 0.00000000e+00 
2021.750000 3.58904911e+01 0.00000000e+00 
2021.800000 3.65421544e+01 0.00000000e+00 
2021.850000 3.71600140e+01 0.00000000e+00 
2021.900000 3.77429704e+01 0.00000000e+00 
2021.950000 3.82902883e+01 0.00000000e+00 
2022.000000 3.88010364e+01 0.00000000e+00 
2022.050000 3.92745193e+01 0.00000000e+00 
2022.100000 3.97099452e+01 0.00000000e+00 
2022.150000 4.01069087e+01 0.00000000e+00 
2022.200000 4.04649982e+01 0.00000000e+00 
2022.250000 4.07840035e+01 0.00000000e+00 
2022.300000 4.10638792e+01 0.00000000e+00 
2022.350000 4.13044111e+01 0.00000000e+00 
2022.400000 4.15055809e+01 0.00000000e+00 
2022.450000 4.16670422e+01 0.00000000e+00 
2022.500000 4.17886278e+01 0.00000000e+00 
2022.550000 4.18701100e+01 0.00000000e+00 
2022.600000 4.19113090e+01 0.00000000e+00 
2022.650000 4.19117747e+01 0.00000000e+00 
2022.700000 4.18711927e+01 0.00000000e+00 
2022.750000 4.17889559e+01 0.00000000e+00 
2022.800000 4.16645807e+01 0.00000000e+00 
2022.850000 4.14978194e+01 0.00000000e+00 
2022.900000 4.12884667e+01 0.00000000e+00 
2022.950000 4.10363334e+01 0.00000000e+00 
2023.000000 4.07412623e+01 0.00000000e+00 
2023.050000 4.04035516e+01 0.00000000e+00 
2023.100000 4.00229509e+01 0.00000000e+00 
2023.150000 3.96000247e+01 0.00000000e+00 
2023.200000 3.91353804e+01 0.00000000e+00 
2023.250000 3.86293959e+01 0.00000000e+00 
2023.300000 3.80826887e+01 0.00000000e+00 
2023.350000 3.74961167e+01 0.00000000e+00 
2023.400000 3.68704089e+01 0.00000000e+00 
2023.450000 3.62063636e+01 0.00000000e+00 
2023.500000 3.55044998e+01 0.00000000e+00 
2023.550000 3.47653248e+01 0.00000000e+00 
2023.600000 3.39893227e+01 0.00000000e+00 
2023.650000 3.31769938e+01 0.00000000e+00 
2023.700000 3.23290338e+01 0.00000000e+00 
2023.750000 3.14455913e+01 0.00000000e+00 
2023.800000 3.05270766e+01 0.00000000e+00 
2023.850000 2.95741221e+01 0.00000000e+00 
2023.900000 2.85872606e+01 0.00000000e+00 
2023.950000 2.75669573e+01 0.00000000e+00 
2024.000000 2.65143066e+01 0.00000000e+00 
2024.050000 2.54300479e+01 0.00000000e+00 
2024.100000 2.43150795e+01 0.00000000e+00 
2024.150000 2.31705692e+01 0.00000000e+00 
2024.200000 2.19979425e+01 0.00000000e+00 
2024.250000 2.07981777e+01 0.00000000e+00 
2024.300000 1.95730495e+01 0.00000000e+00 
2024.350000 1.83239027e+01 0.00000000e+00 
2024.400000 1.70518978e+01 0.00000000e+00 
2024.450000 1.57586143e+01 0.00000000e+00 
2024.500000 1.44454840e+01 0.00000000e+00 
2024.550000 1.31137218e+01 0.00000000e+00 
2024.600000 1.17644941e+01 0.00000000e+00 
2024.650000 1.03990771e+01 0.00000000e+00 
2024.700000 9.01835571e+00 0.00000000e+00 
2024.750000 7.62345032e+00 0.00000000e+00 
2024.800000 6.21542047e+00 0.00000000e+00 
2024.850000 4.79536298e+00 0.00000000e+00 
2024.900000 3.36447196e+00 0.00000000e+00 
2024.950000 1.92382204e+00 0.00000000e+00 
2025.000000 4.74798910e-01 0.00000000e+00 
2025.050000 -9.81344586e-01 0.00000000e+00 
2025.100000 -2.44298825e+00 0.00000000e+00 
2025.150000 -3.90852571e+00 0.00000000e+00 
2025.200000 -5.37626778e+00 0.00000000e+00 
2025.250000 -6.84449678e+00 0.00000000e+00 
2025.300000 -8.31149429e+00 0.00000000e+00 
2025.350000 -9.77557297e+00 0.00000000e+00 
2025.400000 -1.12350454e+01 0.00000000e+00 
2025.450000 -1.26880455e+01 0.00000000e+00 
2025.500000 -1.41329234e+01 0.00000000e+00 
2025.550000 -1.55682346e+01 0.00000000e+00 
2025.600000 -1.69925330e+01 0.00000000e+00 
2025.650000 -1.84045629e+01 0.00000000e+00 
2025.700000 -1.98031551e+01 0.00000000e+00 
2025.750000 -2.11866858e+01 0.00000000e+00 
2025.800000 -2.25543444e+01 0.00000000e+00 
2025.850000 -2.39048203e+01 0.00000000e+00 
2025.900000 -2.52370290e+01 0.00000000e+00 
2025.950000 -2.65499953e+01 0.00000000e+00 
2026.000000 -2.78421458e+01 0.00000000e+00 
2026.050000 -2.91122172e+01 0.00000000e+00 
2026.100000 -3.03589151e+01 0.00000000e+00 
2026.150000 -3.15806396e+01 0.00000000e+00 
2026.200000 -3.27759210e+01 0.00000000e+00 
2026.250000 -3.39432983e+01 0.00000000e+00 
2026.300000 -3.50811448e+01 0.00000000e+00 
2026.350000 -3.61878703e+01 0.00000000e+00 
2026.400000 -3.72620124e+01 0.00000000e+00 
2026.450000 -3.83021140e+01 0.00000000e+00 
2026.500000 -3.93069305e+01 0.00000000e+00 
2026.550000 -4.02752082e+01 0.00000000e+00 
2026.600000 -4.12059596e+01 0.00000000e+00 
2026.650000 -4.20982471e+01 0.00000000e+00 
2026.700000 -4.29511788e+01 0.00000000e+00 
2026.750000 -4.37640864e+01 0.00000000e+00 
2026.800000 -4.45362491e+01 0.00000000e+00 
2026.850000 -4.52670874e+01 0.00000000e+00 
2026.900000 -4.59560216e+01 0.00000000e+00 
2026.950000 -4.66023064e+01 0.00000000e+00 
2027.000000 -4.72053486e+01 0.00000000e+00 
2027.050000 -4.77644493e+01 0.00000000e+00 
2027.100000 -4.82789060e+01 0.00000000e+00 
2027.150000 -4.87480501e+01 0.00000000e+00 
2027.200000 -4.91708693e+01 0.00000000e+00 
2027.250000 -4.95464092e+01 0.00000000e+00 
2027.300000 -4.98738369e+01 0.00000000e+00 
2027.350000 -5.01524028e+01 0.00000000e+00 
2027.400000 -5.03812709e+01 0.00000000e+00 
2027.450000 -5.05599229e+01 0.00000000e+00 
2027.500000 -5.06879158e+01 0.00000000e+00 
2027.550000 -5.07647436e+01 0.00000000e+00 
2027.600000 -5.07902094e+01 0.00000000e+00 
2027.650000 -5.07642462e+01 0.00000000e+00 
2027.700000 -5.06870088e+01 0.00000000e+00 
2027.750000 -5.05588276e+01 0.00000000e+00 
2027.800000 -5.03798400e+01 0.00000000e+00 
2027.850000 -5.01500849e+01 0.00000000e+00 
2027.900000 -4.98698801e+01 0.00000000e+00 
2027.950000 -4.95394732e+01 0.00000000e+00 
2028.000000 -4.91595352e+01 0.00000000e+00 
2028.050000 -4.87299135e+01 0.00000000e+00 
2028.100000 -4.82510661e+01 0.00000000e+00 
2028.150000 -4.77231304e+01 0.00000000e+00 
2028.200000 -4.71460124e+01 0.00000000e+00 
2028.250000 -4.65201243e+01 0.00000000e+00 
2028.300000 -4.58455814e+01 0.00000000e+00 
2028.350000 -4.51226145e+01 0.00000000e+00 
2028.400000 -4.43514502e+01 0.00000000e+00 
2028.450000 -4.35322462e+01 0.00000000e+00 
2028.500000 -4.26654238e+01 0.00000000e+00 
2028.550000 -4.17519624e+01 0.00000000e+00 
2028.600000 -4.07926502e+01 0.00000000e+00 
2028.650000 -3.97880829e+01 0.00000000e+00 
2028.700000 -3.87395826e+01 0.00000000e+00 
2028.750000 -3.76483934e+01 0.00000000e+00 
2028.800000 -3.65156440e+01 0.00000000e+00 
2028.850000 -3.53427637e+01 0.00000000e+00 
2028.900000 -3.41310045e+01 0.00000000e+00 
2028.950000 -3.28815571e+01 0.00000000e+00 
2029.000000 -3.15958030e+01 0.00000000e+00 
2029.050000 -3.02749082e+01 0.00000000e+00 
2029.100000 -2.89201695e+01 0.00000000e+00 
2029.150000 -2.75325121e+01 0.00000000e+00 
2029.200000 -2.61129419e+01 0.00000000e+00 
2029.250000 -2.46627099e+01 0.00000000e+00 
2029.300000 -2.31827103e+01 0.00000000e+00 
2029.350000 -2.16740229e+01 0.00000000e+00 
2029.400000 -2.01378856e+01 0.00000000e+00 
2029.450000 -1.85755750e+01 0.00000000e+00 
2029.500000 -1.69884365e+01 0.00000000e+00 
2029.550000 -1.53778454e+01 0.00000000e+00 
2029.600000 -1.37452062e+01 0.00000000e+00 
2029.650000 -1.20923400e+01 0.00000000e+00 
2029.700000 -1.04212306e+01 0.00000000e+00 
2029.750000 -8.73346212e+00 0.00000000e+00 
2029.800000 -7.03103715e+00 0.00000000e+00 
2029.850000 -5.31609359e+00 0.00000000e+00 
2029.900000 -3.59055574e+00 0.00000000e+00 
2029.950000 -1.85611116e+00 0.00000000e+00 
2030.000000 -1.14641981e-01 0.00000000e+00 
2030.050000 1.63197532e+00 0.00000000e+00 
2030.100000 3.38215639e+00 0.00000000e+00 
2030.150000 5.13443431e+00 0.00000000e+00 
2030.200000 6.88720640e+00 0.00000000e+00 
2030.250000 8.63882320e+00 0.00000000e+00 
2030.300000 1.03877202e+01 0.00000000e+00 
2030.350000 1.21327677e+01 0.00000000e+00 
2030.400000 1.38724029e+01 0.00000000e+00 
2030.450000 1.56051008e+01 0.00000000e+00 
2030.500000 1.73293234e+01 0.00000000e+00 
2030.550000 1.90432468e+01 0.00000000e+00 
2030.600000 2.07452012e+01 0.00000000e+00 
2030.650000 2.24331264e+01 0.00000000e+00 
2030.700000 2.41050081e+01 0.00000000e+00 
2030.750000 2.57588370e+01 0.00000000e+00 
2030.800000 2.73926256e+01 0.00000000e+00 
2030.850000 2.90042905e+01 0.00000000e+00 
2030.900000 3.05919143e+01 0.00000000e+00 
2030.950000 3.21537122e+01 0.00000000e+00 
2031.000000 3.36879491e+01 0.00000000e+00 
2031.050000 3.51929045e+01 0.00000000e+00 
2031.100000 3.66669185e+01 0.00000000e+00 
2031.150000 3.81086648e+01 0.00000000e+00 
2031.200000 3.95169196e+01 0.00000000e+00 
2031.250000 4.08904156e+01 0.00000000e+00 
2031.300000 4.22278239e+01 0.00000000e+00 
2031.350000 4.35281173e+01 0.00000000e+00 
2031.400000 4.47901948e+01 0.00000000e+00 
2031.450000 4.60129581e+01 0.00000000e+00 
2031.500000 4.71950550e+01 0.00000000e+00 
2031.550000 4.83353759e+01 0.00000000e+00 
2031.600000 4.94325494e+01 0.00000000e+00 
2031.650000 5.04850832e+01 0.00000000e+00 
2031.700000 5.14914906e+01 0.00000000e+00 
2031.750000 5.24503577e+01 0.00000000e+00 
2031.800000 5.33603360e+01 0.00000000e+00 
2031.850000 5.42199402e+01 0.00000000e+00 
2031.900000 5.50277529e+01 0.00000000e+00 
2031.950000 5.57828478e+01 0.00000000e+00 
2032.000000 5.64840563e+01 0.00000000e+00 
2032.050000 5.71303342e+01 0.00000000e+00 
2032.100000 5.77211384e+01 0.00000000e+00 
2032.150000 5.82559827e+01 0.00000000e+00 
2032.200000 5.87341299e+01 0.00000000e+00 
2032.250000 5.91553307e+01 0.00000000e+00 
2032.300000 5.95192480e+01 0.00000000e+00 
2032.350000 5.98256399e+01 0.00000000e+00 
2032.400000 6.00742644e+01 0.00000000e+00 
2032.450000 6.02650822e+01 0.00000000e+00 
2032.500000 6.03980478e+01 0.00000000e+00 
2032.550000 6.04727007e+01 0.00000000e+00 
2032.600000 6.04884581e+01 0.00000000e+00 
2032.650000 6.04451017e+01 0.00000000e+00 
2032.700000 6.03423626e+01 0.00000000e+00 
2032.750000 6.01798961e+01 0.00000000e+00 
2032.800000 5.99572493e+01 0.00000000e+00 
2032.850000 5.96742340e+01 0.00000000e+00 
2032.900000 5.93306997e+01 0.00000000e+00 
2032.950000 5.89267936e+01 0.00000000e+00 
2033.000000 5.84624023e+01 0.00000000e+00 
2033.050000 5.79377696e+01 0.00000000e+00 
2033.100000 5.73533657e+01 0.00000000e+00 
2033.150000 5.67097043e+01 0.00000000e+00 
2033.200000 5.60074862e+01 0.00000000e+00 
2033.250000 5.52473744e+01 0.00000000e+00 
2033.300000 5.44304148e+01 0.00000000e+00 
2033.350000 5.35573724e+01 0.00000000e+00 
2033.400000 5.26294000e+01 0.00000000e+00 
2033.450000 5.16472974e+01 0.00000000e+00 
2033.500000 5.06118279e+01 0.00000000e+00 
2033.550000 4.95241230e+01 0.00000000e+00 
2033.600000 4.83849465e+01 0.00000000e+00 
2033.650000 4.71954080e+01 0.00000000e+00 
2033.700000 4.59560954e+01 0.00000000e+00 
2033.750000 4.46680335e+01 0.00000000e+00 
2033.800000 4.33319549e+01 0.00000000e+00 
2033.850000 4.19488996e+01 0.00000000e+00 
2033.900000 4.05198784e+01 0.00000000e+00 
2033.950000 3.90460205e+01 0.00000000e+00 
2034.000000 3.75282164e+01 0.00000000e+00 
2034.050000 3.59680642e+01 0.00000000e+00 
2034.100000 3.43670571e+01 0.00000000e+00 
2034.150000 3.27265301e+01 0.00000000e+00 
2034.200000 3.10483304e+01 0.00000000e+00 
2034.250000 2.93343385e+01 0.00000000e+00 
2034.300000 2.75864678e+01 0.00000000e+00 
2034.350000 2.58066649e+01 0.00000000e+00 
2034.400000 2.39968290e+01 0.00000000e+00 
2034.450000 2.21588633e+01 0.00000000e+00 
2034.500000 2.02944766e+01 0.00000000e+00 
2034.550000 1.84057519e+01 0.00000000e+00 
2034.600000 1.64944714e+01 0.00000000e+00 
2034.650000 1.45621450e+01 0.00000000e+00 
2034.700000 1.26104134e+01 0.00000000e+00 
2034.750000 1.06413238e+01 0.00000000e+00 
2034.800000 8.65620866e+00 0.00000000e+00 
2034.850000 6.65682756e+00 0.00000000e+00 
2034.900000 4.64470057e+00 0.00000000e+00 
2034.950000 2.62154340e+00 0.00000000e+00 
2035.000000 5.89223320e-01 0.00000000e+00 
2035.050000 -1.45031667e+00 0.00000000e+00 
2035.100000 -3.49498583e+00 0.00000000e+00 
2035.150000 -5.54275882e+00 0.00000000e+00 
2035.200000 -7.59121455e+00 0.00000000e+00 
2035.250000 -9.63801166e+00 0.00000000e+00 
2035.300000 -1.16807088e+01 0.00000000e+00 
2035.350000 -1.37171124e+01 0.00000000e+00 
2035.400000 -1.57446065e+01 0.00000000e+00 
2035.450000 -1.77613593e+01 0.00000000e+00 
2035.500000 -1.97648424e+01 0.00000000e+00 
2035.550000 -2.17530164e+01 0.00000000e+00 
2035.600000 -2.37240256e+01 0.00000000e+00 
2035.650000 -2.56759555e+01 0.00000000e+00 
2035.700000 -2.76072763e+01 0.00000000e+00 
2035.750000 -2.95160758e+01 0.00000000e+00 
2035.800000 -3.14005547e+01 0.00000000e+00 
2035.850000 -3.32593100e+01 0.00000000e+00 
2035.900000 -3.50904373e+01 0.00000000e+00 
2035.950000 -3.68924738e+01 0.00000000e+00 
2036.000000 -3.86636314e+01 0.00000000e+00 
2036.050000 -4.04020343e+01 0.00000000e+00 
2036.100000 -4.21057716e+01 0.00000000e+00 
2036.150000 -4.37728757e+01 0.00000000e+00 
2036.200000 -4.54012441e+01 0.00000000e+00 
2036.250000 -4.70221499e+01 0.00000000e+00 
2036.300000 -4.85996417e+01 0.00000000e+00 
2036.350000 -5.01314555e+01 0.00000000e+00 
2036.400000 -5.16159509e+01 0.00000000e+00 
2036.450000 -5.30509543e+01 0.00000000e+00 
2036.500000 -5.44351974e+01 0.00000000e+00 
2036.550000 -5.57666696e+01 0.00000000e+00 
2036.600000 -5.70440420e+01 0.00000000e+00 
2036.650000 -5.82662604e+01 0.00000000e+00 
2036.700000 -5.94320617e+01 0.00000000e+00 
2036.750000 -6.05401537e+01 0.00000000e+00 
2036.800000 -6.15897848e+01 0.00000000e+00 
2036.850000 -6.25797642e+01 0.00000000e+00 
2036.900000 -6.35091057e+01 0.00000000e+00 
2036.950000 -6.43770977e+01 0.00000000e+00 
2037.000000 -6.51825354e+01 0.00000000e+00 
2037.050000 -6.59243547e+01 0.00000000e+00 
2037.100000 -6.66018717e+01 0.00000000e+00 
2037.150000 -6.72142094e+01 0.00000000e+00 
2037.200000 -6.77603105e+01 0.00000000e+00 
2037.250000 -6.82387523e+01 0.00000000e+00 
2037.300000 -6.86487023e+01 0.00000000e+00 
2037.350000 -6.89893347e+01 0.00000000e+00 
2037.400000 -6.92598114e+01 0.00000000e+00 
2037.450000 -6.94595710e+01 0.00000000e+00 
2037.500000 -6.95881076e+01 0.00000000e+00 
2037.550000 -6.96448947e+01 0.00000000e+00 
2037.600000 -6.96294296e+01 0.00000000e+00 
2037.650000 -6.95418580e+01 0.00000000e+00 
2037.700000 -6.93820766e+01 0.00000000e+00 
2037.750000 -6.91507525e+01 0.00000000e+00 
2037.800000 -6.88483084e+01 0.00000000e+00 
2037.850000 -6.84745859e+01 0.00000000e+00 
2037.900000 -6.80303430e+01 0.00000000e+00 
2037.950000 -6.75158806e+01 0.00000000e+00 
2038.000000 -6.69316437e+01 0.00000000e+00 
2038.050000 -6.62778755e+01 0.00000000e+00 
2038.100000 -6.55554063e+01 0.00000000e+00 
2038.150000 -6.47643727e+01 0.00000000e+00 
2038.200000 -6.39049920e+01 0.00000000e+00 
2038.250000 -6.29777601e+01 0.00000000e+00 
2038.300000 -6.19831139e+01 0.00000000e+00 
2038.350000 -6.09212285e+01 0.00000000e+00 
2038.400000 -5.97926545e+01 0.00000000e+00 
2038.450000 -5.85982792e+01 0.00000000e+00 
2038.500000 -5.73391512e+01 0.00000000e+00 
2038.550000 -5.60162791e+01 0.00000000e+00 
2038.600000 -5.46307063e+01 0.00000000e+00 
2038.650000 -5.31836136e+01 0.00000000e+00 
2038.700000 -5.16763020e+01 0.00000000e+00 
2038.750000 -5.01107200e+01 0.00000000e+00 
2038.800000 -4.84889252e+01 0.00000000e+00 
2038.850000 -4.68124095e+01 0.00000000e+00 
2038.900000 -4.50830882e+01 0.00000000e+00 
2038.950000 -4.33028300e+01 0.00000000e+00 
2039.000000 -4.14729592e+01 0.00000000e+00 
2039.050000 -3.95957086e+01 0.00000000e+00 
2039.100000 -3.76729281e+01 0.00000000e+00 
2039.150000 -3.57058978e+01 0.00000000e+00 
2039.200000 -3.36962532e+01 0.00000000e+00 
2039.250000 -3.16454166e+01 0.00000000e+00 
2039.300000 -2.95549972e+01 0.00000000e+00 
2039.350000 -2.74269008e+01 0.00000000e+00 
2039.400000 -2.52628399e+01 0.00000000e+00 
2039.450000 -2.30642703e+01 0.00000000e+00 
2039.500000 -2.08330436e+01 0.00000000e+00 
2039.550000 -1.85714745e+01 0.00000000e+00 
2039.600000 -1.62818094e+01 0.00000000e+00 
2039.650000 -1.39664085e+01 0.00000000e+00 
2039.700000 -1.16281135e+01 0.00000000e+00 
2039.750000 -9.26936311e+00 0.00000000e+00 
2039.800000 -6.89305426e+00 0.00000000e+00 
2039.850000 -4.50158596e+00 0.00000000e+00 
2039.900000 -2.09757329e+00 0.00000000e+00 
2039.950000 3.16217518e-01 0.00000000e+00 
2040.000000 2.73729303e+00 0.00000000e+00 
2040.050000 5.16326897e+00 0.00000000e+00 
2040.100000 7.59212465e+00 0.00000000e+00 
2040.150000 1.00215754e+01 0.00000000e+00 
2040.200000 1.24491932e+01 0.00000000e+00 
2040.250000 1.48729314e+01 0.00000000e+00 
2040.300000 1.72910496e+01 0.00000000e+00 
2040.350000 1.97011465e+01 0.00000000e+00 
2040.400000 2.21010581e+01 0.00000000e+00 
2040.450000 2.44889479e+01 0.00000000e+00 
2040.500000 2.68625675e+01 0.00000000e+00 
2040.550000 2.92191242e+01 0.00000000e+00 
2040.600000 3.15566183e+01 0.00000000e+00 
2040.650000 3.38719985e+01 0.00000000e+00 
2040.700000 3.61624828e+01 0.00000000e+00 
2040.750000 3.84260131e+01 0.00000000e+00 
2040.800000 4.06594048e+01 0.00000000e+00 
2040.850000 4.28602027e+01 0.00000000e+00 
2040.900000 4.50254907e+01 0.00000000e+00 
2040.950000 4.71526998e+01 0.00000000e+00 
2041.000000 4.92398138e+01 0.00000000e+00 
2041.050000 5.12842144e+01 0.00000000e+00 
2041.100000 5.32837387e+01 0.00000000e+00 
2041.150000 5.52367351e+01 0.00000000e+00 
2041.200000 5.71412357e+01 0.00000000e+00 
2041.250000 5.89959008e+01 0.00000000e+00 
2041.300000 6.07991705e+01 0.00000000e+00 
2041.350000 6.25495093e+01 0.00000000e+00 
2041.400000 6.42452227e+01 0.00000000e+00 
2041.450000 6.58847986e+01 0.00000000e+00 
2041.500000 6.74661531e+01 0.00000000e+00 
2041.550000 6.89879519e+01 0.00000000e+00 
2041.600000 7.04482549e+01 0.00000000e+00 
2041.650000 7.18452112e+01 0.00000000e+00 
2041.700000 7.31769989e+01 0.00000000e+00 
2041.750000 7.44417332e+01 0.00000000e+00 
2041.800000 7.56373355e+01 0.00000000e+00 
2041.850000 7.67623587e+01 0.00000000e+00 
2041.900000 7.78145588e+01 0.00000000e+00 
2041.950000 7.87926440e+01 0.00000000e+00 
2042.000000 7.96955617e+01 0.00000000e+00 
2042.050000 8.05217843e+01 0.00000000e+00 
2042.100000 8.12703181e+01 0.00000000e+00 
2042.150000 8.19402805e+01 0.00000000e+00 
2042.200000 8.25316492e+01 0.00000000e+00 
2042.250000 8.30437019e+01 0.00000000e+00 
2042.300000 8.34764990e+01 0.00000000e+00 
2042.350000 8.38301488e+01 0.00000000e+00 
2042.400000 8.41044935e+01 0.00000000e+00 
2042.450000 8.42989574e+01 0.00000000e+00 
2042.500000 8.44131504e+01 0.00000000e+00 
2042.550000 8.44474313e+01 0.00000000e+00 
2042.600000 8.44012623e+01 0.00000000e+00 
2042.650000 8.42743464e+01 0.00000000e+00 
2042.700000 8.40656630e+01 0.00000000e+00 
2042.750000 8.37752502e+01 0.00000000e+00 
2042.800000 8.34023180e+01 0.00000000e+00 
2042.850000 8.29471373e+01 0.00000000e+00 
2042.900000 8.24092278e+01 0.00000000e+00 
2042.950000 8.17891462e+01 0.00000000e+00 
2043.000000 8.10861999e+01 0.00000000e+00 
2043.050000 8.03019549e+01 0.00000000e+00 
2043.100000 7.94364035e+01 0.00000000e+00 
2043.150000 7.84905204e+01 0.00000000e+00 
2043.200000 7.74659529e+01 0.00000000e+00 
2043.250000 7.63638452e+01 0.00000000e+00 
2043.300000 7.51853835e+01 0.00000000e+00 
2043.350000 7.39324385e+01 0.00000000e+00 
2043.400000 7.26064403e+01 0.00000000e+00 
2043.450000 7.12096597e+01 0.00000000e+00 
2043.500000 6.97434799e+01 0.00000000e+00 
2043.550000 6.82086974e+01 0.00000000e+00 
2043.600000 6.66062784e+01 0.00000000e+00 
2043.650000 6.49382716e+01 0.00000000e+00 
2043.700000 6.32050772e+01 0.00000000e+00 
2043.750000 6.14078460e+01 0.00000000e+00 
2043.800000 5.95480360e+01 0.00000000e+00 
2043.850000 5.76266416e+01 0.00000000e+00 
2043.900000 5.56445044e+01 0.00000000e+00 
2043.950000 5.36040679e+01 0.00000000e+00 
2044.000000 5.15065108e+01 0.00000000e+00 
2044.050000 4.93539268e+01 0.00000000e+00 
2044.100000 4.71484252e+01 0.00000000e+00 
2044.150000 4.48926118e+01 0.00000000e+00 
2044.200000 4.25891264e+01 0.00000000e+00 
2044.250000 4.02407933e+01 0.00000000e+00 
2044.300000 3.78509897e+01 0.00000000e+00 
2044.350000 3.54223691e+01 0.00000000e+00 
2044.400000 3.29576392e+01 0.00000000e+00 
2044.450000 3.04596480e+01 0.00000000e+00 
2044.500000 2.79310457e+01 0.00000000e+00 
2044.550000 2.53740179e+01 0.00000000e+00 
2044.600000 2.27922173e+01 0.00000000e+00 
2044.650000 2.01871988e+01 0.00000000e+00 
2044.700000 1.75611844e+01 0.00000000e+00 
2044.750000 1.49165200e+01 0.00000000e+00 
2044.800000 1.22553903e+01 0.00000000e+00 
2044.850000 9.57956618e+00 0.00000000e+00 
2044.900000 6.89098828e+00 0.00000000e+00 
2044.950000 4.19220500e+00 0.00000000e+00 
2045.000000 1.48634808e+00 0.00000000e+00 
2045.050000 -1.22462592e+00 0.00000000e+00 
2045.100000 -3.93752211e+00 0.00000000e+00 
2045.150000 -6.64950057e+00 0.00000000e+00 
2045.200000 -9.35639379e+00 0.00000000e+00 
2045.250000 -1.20548540e+01 0.00000000e+00 
2045.300000 -1.47411999e+01 0.00000000e+00 
2045.350000 -1.74120661e+01 0.00000000e+00 
2045.400000 -2.00644085e+01 0.00000000e+00 
2045.450000 -2.26944239e+01 0.00000000e+00 
2045.500000 -2.52989435e+01 0.00000000e+00 
2045.550000 -2.78751835e+01 0.00000000e+00 
2045.600000 -3.04204242e+01 0.00000000e+00 
2045.650000 -3.29328867e+01 0.00000000e+00 
2045.700000 -3.54099998e+01 0.00000000e+00 
2045.750000 -3.78496830e+01 0.00000000e+00 
2045.800000 -4.02503708e+01 0.00000000e+00 
2045.850000 -4.26095440e+01 0.00000000e+00 
2045.900000 -4.49260547e+01 0.00000000e+00 
2045.950000 -4.71973801e+01 0.00000000e+00 
2046.000000 -4.94220420e+01 0.00000000e+00 
2046.050000 -5.15967265e+01 0.00000000e+00 
2046.100000 -5.37193367e+01 0.00000000e+00 
2046.150000 -5.57867504e+01 0.00000000e+00 
2046.200000 -5.77955835e+01 0.00000000e+00 
2046.250000 -5.97433050e+01 0.00000000e+00 
2046.300000 -6.16258347e+01 0.00000000e+00 
2046.350000 -6.34400922e+01 0.00000000e+00 
2046.400000 -6.51833078e+01 0.00000000e+00 
2046.450000 -6.68537149e+01 0.00000000e+00 
2046.500000 -6.84489367e+01 0.00000000e+00 
2046.550000 -6.99659418e+01 0.00000000e+00 
2046.600000 -7.14035158e+01 0.00000000e+00 
2046.650000 -7.27601669e+01 0.00000000e+00 
2046.700000 -7.40353196e+01 0.00000000e+00 
2046.750000 -7.52289424e+01 0.00000000e+00 
2046.800000 -7.63390780e+01 0.00000000e+00 
2046.850000 -7.73664895e+01 0.00000000e+00 
2046.900000 -7.83097925e+01 0.00000000e+00 
2046.950000 -7.91679328e+01 0.00000000e+00 
2047.000000 -7.99406263e+01 0.00000000e+00 
2047.050000 -8.06270975e+01 0.00000000e+00 
2047.100000 -8.12256451e+01 0.00000000e+00 
2047.150000 -8.17337927e+01 0.00000000e+00 
2047.200000 -8.21504544e+01 0.00000000e+00 
2047.250000 -8.24735568e+01 0.00000000e+00 
2047.300000 -8.27015823e+01 0.00000000e+00 
2047.350000 -8.28327471e+01 0.00000000e+00 
2047.400000 -8.28661300e+01 0.00000000e+00 
2047.450000 -8.28004968e+01 0.00000000e+00 
2047.500000 -8.26342451e+01 0.00000000e+00 
2047.550000 -8.23676385e+01 0.00000000e+00 
2047.600000 -8.20012070e+01 0.00000000e+00 
2047.650000 -8.15349107e+01 0.00000000e+00 
2047.700000 -8.09693094e+01 0.00000000e+00 
2047.750000 -8.03054711e+01 0.00000000e+00 
2047.800000 -7.95446423e+01 0.00000000e+00 
2047.850000 -7.86887604e+01 0.00000000e+00 
2047.900000 -7.77396608e+01 0.00000000e+00 
2047.950000 -7.66981312e+01 0.00000000e+00 
2048.000000 -7.55659906e+01 0.00000000e+00 
2048.050000 -7.43440657e+01 0.00000000e+00 
2048.100000 -7.30331651e+01 0.00000000e+00 
2048.150000 -7.16329320e+01 0.00000000e+00 
2048.200000 -7.01436071e+01 0.00000000e+00 
2048.250000 -6.85655760e+01 0.00000000e+00 
2048.300000 -6.68979652e+01 0.00000000e+00 
2048.350000 -6.51414301e+01 0.00000000e+00 
2048.400000 -6.32943302e+01 0.00000000e+00 
2048.450000 -6.13587971e+01 0.00000000e+00 
2048.500000 -5.93359671e+01 0.00000000e+00 
2048.550000 -5.72264709e+01 0.00000000e+00 
2048.600000 -5.50322544e+01 0.00000000e+00 
2048.650000 -5.27552496e+01 0.00000000e+00 
2048.700000 -5.03981194e+01 0.00000000e+00 
2048.750000 -4.79658430e+01 0.00000000e+00 
2048.800000 -4.54620461e+01 0.00000000e+00 
2048.850000 -4.28891776e+01 0.00000000e+00 
2048.900000 -4.02505052e+01 0.00000000e+00 
2048.950000 -3.75505257e+01 0.00000000e+00 
2049.000000 -3.47940147e+01 0.00000000e+00 
2049.050000 -3.19834920e+01 0.00000000e+00 
2049.100000 -2.91210704e+01 0.00000000e+00 
2049.150000 -2.62094761e+01 0.00000000e+00 
2049.200000 -2.32508216e+01 0.00000000e+00 
2049.250000 -2.02427036e+01 0.00000000e+00 
2049.300000 -1.71876029e+01 0.00000000e+00 
2049.350000 -1.40858259e+01 0.00000000e+00 
2049.400000 -1.09375744e+01 0.00000000e+00 
2049.450000 -7.74557632e+00 0.00000000e+00 
2049.500000 -4.51121855e+00 0.00000000e+00 
2049.550000 -1.23758523e+00 0.00000000e+00 
2049.600000 2.07468228e+00 0.00000000e+00 
2049.650000 5.42107847e+00 0.00000000e+00 
2049.700000 8.79529131e+00 0.00000000e+00 
2049.750000 1.21947723e+01 0.00000000e+00 
2049.800000 1.56115619e+01 0.00000000e+00 
2049.850000 1.90404274e+01 0.00000000e+00 
2049.900000 2.24727664e+01 0.00000000e+00 
2049.950000 2.59032449e+01 0.00000000e+00 
2050.000000 2.93277023e+01 0.00000000e+00 
2050.050000 3.27415905e+01 0.00000000e+00 
2050.100000 3.61412523e+01 0.00000000e+00 
2050.150000 3.95188799e+01 0.00000000e+00 
2050.200000 4.28767783e+01 0.00000000e+00 
2050.250000 4.62149854e+01 0.00000000e+00 
2050.300000 4.95348299e+01 0.00000000e+00 
2050.350000 5.28323618e+01 0.00000000e+00 
2050.400000 5.61176143e+01 0.00000000e+00 
2050.450000 5.93831439e+01 0.00000000e+00 
2050.500000 6.26366846e+01 0.00000000e+00 
2050.550000 6.58764598e+01 0.00000000e+00 
2050.600000 6.90981783e+01 0.00000000e+00 
2050.650000 7.23048680e+01 0.00000000e+00 
2050.700000 7.54861815e+01 0.00000000e+00 
2050.750000 7.86404061e+01 0.00000000e+00 
2050.800000 8.17686572e+01 0.00000000e+00 
2050.850000 8.48552055e+01 0.00000000e+00 
2050.900000 8.78918544e+01 0.00000000e+00 
2050.950000 9.08642255e+01 0.00000000e+00 
2051.000000 9.37718938e+01 0.00000000e+00 
2051.050000 9.66040130e+01 0.00000000e+00 
2051.100000 9.93435345e+01 0.00000000e+00 
2051.150000 1.01974067e+02 0.00000000e+00 
